1553045093 1 0 0 0 0 0 0 0 0 0 0 0 0 0 0 0 0 0 0 0
1553068799 2 0 0 0 0 0 0 0 0 0 0 0 0 0 0 0 0 0 0 0
1553137271 3 0 0 0 0 0 0 0 0 0 0 0 0 0 0 0 0 0 0 0
1553145471 4 0 0 0 0 0 0 0 0 0 0 0 0 0 0 0 0 0 0 0
1553420453 5 0 0 0 0 0 0 0 0 0 0 0 0 0 0 0 0 0 0 0
1553573395 6 0 0 0 0 0 0 0 0 0 0 0 0 0 0 0 0 0 0 0
1553677784 7 0 0 0 0 0 0 0 0 0 0 0 0 0 0 0 0 0 0 0
1553678155 8 0 0 0 0 0 0 0 0 0 0 0 0 0 0 0 0 0 0 0
1553871184 9 0 0 0 0 0 0 0 0 0 0 0 0 0 0 0 0 0 0 0
1553953782 10 0 0 0 0 0 0 0 0 0 0 0 0 0 0 0 0 0 0 0
1554130811 11 0 0 0 0 0 0 0 0 0 0 0 0 0 0 0 0 0 0 0
1554202083 12 0 0 0 0 0 0 0 0 0 0 0 0 0 0 0 0 0 0 0
1554206847 13 0 0 0 0 0 0 0 0 0 0 0 0 0 0 0 0 0 0 0
1554298861 14 0 0 0 0 0 0 0 0 0 0 0 0 0 0 0 0 0 0 0
1554388164 15 0 0 0 0 0 0 0 0 0 0 0 0 0 0 0 0 0 0 0
1554533371 16 0 0 0 0 0 0 0 0 0 0 0 0 0 0 0 0 0 0 0
1554644966 17 0 0 0 0 0 0 0 0 0 0 0 0 0 0 0 0 0 0 0
1554708797 18 0 0 0 0 0 0 0 0 0 0 0 0 0 0 0 0 0 0 0
1554734523 19 0 0 0 0 0 0 0 0 0 0 0 0 0 0 0 0 0 0 0
1555139600 20 0 0 0 0 0 0 0 0 0 0 0 0 0 0 0 0 0 0 0
1555313083 21 0 0 0 0 0 0 0 0 0 0 0 0 0 0 0 0 0 0 0
1555553989 21 0 0 0 0 0 0 0 0 0 0 0 0 0 0 0 0 0 0 0
1555573058 21 0 0 0 0 0 0 0 0 0 0 0 0 0 0 0 0 0 0 0
1556028775 22 0 0 0 0 0 0 0 0 0 0 0 0 0 0 0 0 0 0 0
1556029033 23 0 0 0 0 0 0 0 0 0 0 0 0 0 0 0 0 0 0 0
1556031023 24 0 0 0 0 0 0 0 0 0 0 0 0 0 0 0 0 0 0 0
1556079556 24 0 0 0 0 0 0 0 0 0 1 0 0 0 0 0 0 0 0 0
1556507637 25 0 0 0 0 0 0 0 0 0 1 0 0 0 0 0 0 0 0 0
1556508058 26 0 0 0 0 0 0 0 0 0 1 0 0 0 0 0 0 0 0 0
1556508442 27 0 0 0 0 0 0 0 0 0 1 0 0 0 0 0 0 0 0 0
1556515418 27 0 0 0 0 0 0 0 0 0 1 0 0 0 0 0 0 0 0 0
1556547500 27 0 1 0 0 0 0 0 0 0 1 0 0 0 0 0 0 0 0 0
1557048579 27 0 1 0 0 0 0 0 0 0 2 0 0 0 0 0 0 0 0 0
1557048629 27 0 1 0 0 0 0 0 0 0 3 0 0 0 0 0 0 0 0 0
1557061851 27 0 1 0 0 0 0 0 0 0 4 0 0 0 0 0 0 0 0 0
1557131561 27 0 1 0 0 0 0 0 0 0 4 0 0 0 0 0 1 0 0 0
1557191828 27 0 2 0 0 0 0 0 0 0 4 0 0 0 0 0 1 0 0 0
1557195572 28 0 2 0 0 0 0 0 0 0 4 0 0 0 0 0 1 0 0 0
1557197472 29 0 2 0 0 0 0 0 0 0 4 0 0 0 0 0 1 0 0 0
1557211935 29 0 2 0 0 0 0 0 0 0 5 0 0 0 0 0 1 0 0 0
1557212290 29 0 2 0 0 0 0 0 0 0 6 0 0 0 0 0 1 0 0 0
1557212676 29 0 2 0 0 0 0 0 0 0 7 0 0 0 0 0 1 0 0 0
1557228658 29 0 3 0 0 0 0 0 0 0 7 0 0 0 0 0 1 0 0 0
1557228680 29 0 4 0 0 0 0 0 0 0 7 0 0 0 0 0 1 0 0 0
1557278885 29 0 5 0 0 0 0 0 0 0 7 0 0 0 0 0 1 0 0 0
1557278906 29 0 6 0 0 0 0 0 0 0 7 0 0 0 0 0 1 0 0 0
1557280325 30 0 6 0 0 0 0 0 0 0 7 0 0 0 0 0 1 0 0 0
1557280337 31 0 6 0 0 0 0 0 0 0 7 0 0 0 0 0 1 0 0 0
1557281258 31 0 6 0 0 0 0 0 0 0 7 0 0 0 0 0 2 0 0 0
1557304130 31 0 7 0 0 0 0 0 0 0 7 0 0 0 0 0 2 0 0 0
1557304139 31 0 8 0 0 0 0 0 0 0 7 0 0 0 0 0 2 0 0 0
1557321336 31 0 8 0 0 0 0 0 0 0 8 0 0 0 0 0 2 0 0 0
1557382235 32 0 8 0 0 0 0 0 0 0 8 0 0 0 0 0 2 0 0 0
1557386510 33 0 8 0 0 0 0 0 0 0 8 0 0 0 0 0 2 0 0 0
1557386882 34 0 8 0 0 0 0 0 0 0 8 0 0 0 0 0 2 0 0 0
1557386927 35 0 8 0 0 0 0 0 0 0 8 0 0 0 0 0 2 0 0 0
1557387088 35 0 8 0 0 0 0 0 0 0 9 0 0 0 0 0 2 0 0 0
1557387367 35 0 8 0 0 0 0 0 0 0 10 0 0 0 0 0 2 0 0 0
1557387997 35 0 8 0 0 0 0 0 0 0 10 0 0 0 0 0 3 0 0 0
1557388013 35 0 8 0 0 0 0 0 0 0 10 0 0 0 0 0 4 0 0 0
1557390997 36 0 8 0 0 0 0 0 0 0 10 0 0 0 0 0 4 0 0 0
1557391496 36 0 8 0 0 0 0 0 0 0 11 0 0 0 0 0 4 0 0 0
1557391676 36 0 8 0 0 0 0 0 0 0 11 0 0 0 0 0 5 0 0 0
1557452977 36 0 8 0 0 0 0 0 0 0 11 0 0 0 0 0 6 0 0 0
1557453084 36 0 8 0 0 0 0 0 0 0 12 0 0 0 0 0 6 0 0 0
1557453299 36 0 8 0 0 0 0 0 0 0 13 0 0 0 0 0 6 0 0 0
1557468945 36 0 9 0 0 0 0 0 0 0 13 0 0 0 0 0 6 0 0 0
1557493502 37 0 9 0 0 0 0 0 0 0 13 0 0 0 0 0 6 0 0 0
1557626926 38 0 9 0 0 0 0 0 0 0 13 0 0 0 0 0 6 0 0 0
1558057888 38 0 9 0 0 0 0 0 0 0 14 0 0 0 0 0 6 0 0 0
1558058035 38 0 9 0 0 0 0 0 0 0 15 0 0 0 0 0 6 0 0 0
1558102125 39 0 9 0 0 0 0 0 0 0 15 0 0 0 0 0 6 0 0 0
1558267446 39 0 9 0 0 0 0 0 0 0 16 0 0 0 0 0 6 0 0 0
1558267587 39 0 9 0 0 0 0 0 0 0 17 0 0 0 0 0 6 0 0 0
1558271902 40 0 9 0 0 0 0 0 0 0 17 0 0 0 0 0 6 0 0 0
1558402271 41 0 9 0 0 0 0 0 0 0 17 0 0 0 0 0 6 0 0 0
1558409793 42 0 9 0 0 0 0 0 0 0 17 0 0 0 0 0 6 0 0 0
1558418042 43 0 9 0 0 0 0 0 0 0 17 0 0 0 0 0 6 0 0 0
1558424266 43 0 9 0 0 0 0 0 0 0 17 0 0 0 0 1 6 0 0 0
1558499697 43 0 9 0 0 0 0 0 0 0 18 0 0 0 0 1 6 0 0 0
1558499724 43 0 9 0 0 0 0 0 0 0 19 0 0 0 0 1 6 0 0 0
1558500342 43 0 9 0 0 0 0 0 0 0 19 0 0 0 0 1 7 0 0 0
1558500395 43 0 9 0 0 0 0 0 0 0 19 0 0 0 0 1 8 0 0 0
1558501513 44 0 9 0 0 0 0 0 0 0 19 0 0 0 0 1 8 0 0 0
1558512020 44 0 9 0 0 0 0 0 0 0 19 0 0 0 0 1 9 0 0 0
1558512028 44 0 9 0 0 0 0 0 0 0 19 0 0 0 0 1 10 0 0 0
1558513655 45 0 9 0 0 0 0 0 0 0 19 0 0 0 0 1 10 0 0 0
1558513670 46 0 9 0 0 0 0 0 0 0 19 0 0 0 0 1 10 0 0 0
1558515542 47 0 9 0 0 0 0 0 0 0 19 0 0 0 0 1 10 0 0 0
1558516447 47 0 9 0 0 0 0 0 0 0 20 0 0 0 0 1 10 0 0 0
1558516612 47 0 9 0 0 0 0 0 0 0 21 0 0 0 0 1 10 0 0 0
1558521716 47 0 9 0 0 0 0 0 0 0 22 0 0 0 0 1 10 0 0 0
1558524144 48 0 9 0 0 0 0 0 0 0 22 0 0 0 0 1 10 0 0 0
1559095684 48 0 9 0 0 0 0 0 0 0 23 0 0 0 0 1 10 0 0 0
1559095767 48 0 9 0 0 0 0 0 0 0 23 0 0 0 0 1 11 0 0 0
1559095778 48 0 9 0 0 0 0 0 0 0 23 0 0 0 0 1 12 0 0 0
1559095953 49 0 9 0 0 0 0 0 0 0 23 0 0 0 0 1 12 0 0 0
1559096251 50 0 9 0 0 0 0 0 0 0 23 0 0 0 0 1 12 0 0 0
1559120133 51 0 9 0 0 0 0 0 0 0 23 0 0 0 0 1 12 0 0 0
1559139989 51 0 9 0 0 0 0 0 0 0 23 0 0 0 0 1 12 0 0 0
1559185131 51 0 10 0 0 0 0 0 0 0 23 0 0 0 0 1 12 0 0 0
1559194018 52 0 10 0 0 0 0 0 0 0 23 0 0 0 0 1 12 0 0 0
1559198744 53 0 10 0 0 0 0 0 0 0 23 0 0 0 0 1 12 0 0 0
1559204800 54 0 10 0 0 0 0 0 0 0 23 0 0 0 0 1 12 0 0 0
1559227703 54 0 10 0 0 0 0 0 0 0 23 0 0 0 0 2 12 0 0 0
1559352476 55 0 10 0 0 0 0 0 0 0 23 0 0 0 0 2 12 0 0 0
1559356822 56 0 10 0 0 0 0 0 0 0 23 0 0 0 0 2 12 0 0 0
1559366229 56 0 10 0 0 0 0 0 0 0 23 0 0 0 0 2 13 0 0 0
1559366249 56 0 10 0 0 0 0 0 0 0 23 0 0 0 0 2 14 0 0 0
1559372366 56 0 10 0 0 0 0 0 0 0 23 0 0 0 0 2 14 0 0 0
1559398560 56 0 10 0 0 0 0 0 0 0 23 0 0 0 0 2 14 0 0 0
1559437984 57 0 10 0 0 0 0 0 0 0 23 0 0 0 0 2 14 0 0 0
1559444389 57 0 10 0 0 0 0 0 0 0 23 0 0 0 0 2 14 0 0 0
1559526290 57 0 10 0 0 0 0 0 0 0 23 0 0 0 0 2 14 0 0 0
1559559504 58 0 10 0 0 0 0 0 0 0 23 0 0 0 0 2 14 0 0 0
1559629634 58 0 11 0 0 0 0 0 0 0 23 0 0 0 0 2 14 0 0 0
1559640195 58 0 11 0 0 0 0 0 0 0 23 0 0 0 0 3 14 0 0 0
1559658215 58 0 11 0 0 0 0 0 0 0 23 0 0 0 0 3 14 0 0 0
1559737277 58 0 12 0 0 0 0 0 0 0 23 0 0 0 0 3 14 0 0 0
1559812471 59 0 12 0 0 0 0 0 0 0 23 0 0 0 0 3 14 0 0 0
1559817250 60 0 12 0 0 0 0 0 0 0 23 0 0 0 0 3 14 0 0 0
1559824746 60 0 12 0 0 0 0 0 0 0 23 0 0 0 0 3 14 0 0 0
1559874337 60 0 12 0 0 0 0 0 0 0 23 0 0 0 0 3 14 0 0 0
1559877384 60 0 12 0 0 0 0 0 0 0 23 0 0 0 0 3 14 0 0 0
1559877396 60 0 12 0 0 0 0 0 0 0 23 0 0 0 0 3 14 0 0 0
1559888266 60 0 12 0 0 0 0 1 0 0 23 0 0 0 0 3 14 0 0 0
1559915477 60 0 13 0 0 0 0 1 0 0 23 0 0 0 0 3 14 0 0 0
1559962467 60 0 13 0 0 0 0 1 0 0 23 0 0 0 0 3 14 0 0 0
1559986020 61 0 13 0 0 0 0 1 0 0 23 0 0 0 0 3 14 0 0 0
1559999154 62 0 13 0 0 0 0 1 0 0 23 0 0 0 0 3 14 0 0 0
1560048143 63 0 13 0 0 0 0 1 0 0 23 0 0 0 0 3 14 0 0 0
1560048215 64 0 13 0 0 0 0 1 0 0 23 0 0 0 0 3 14 0 0 0
1560049036 65 0 13 0 0 0 0 1 0 0 23 0 0 0 0 3 14 0 0 0
1560049995 66 0 13 0 0 0 0 1 0 0 23 0 0 0 0 3 14 0 0 0
1560050568 67 0 13 0 0 0 0 1 0 0 23 0 0 0 0 3 14 0 0 0
1560085553 68 0 13 0 0 0 0 1 0 0 23 0 0 0 0 3 14 0 0 0
1560134779 68 0 13 0 0 0 0 1 0 0 23 0 0 0 0 4 14 0 0 0
1560137004 69 0 13 0 0 0 0 1 0 0 23 0 0 0 0 4 14 0 0 0
1560137987 69 0 14 0 0 0 0 1 0 0 23 0 0 0 0 4 14 0 0 0
1560151504 69 0 15 0 0 0 0 1 0 0 23 0 0 0 0 4 14 0 0 0
1560152866 69 0 16 0 0 0 0 1 0 0 23 0 0 0 0 4 14 0 0 0
1560154309 69 0 17 0 0 0 0 1 0 0 23 0 0 0 0 4 14 0 0 0
1560158927 69 0 17 0 0 0 0 1 0 0 23 0 0 0 0 4 14 0 0 0
1560159406 70 0 17 0 0 0 0 1 0 0 23 0 0 0 0 4 14 0 0 0
1560163734 70 0 17 0 0 0 0 2 0 0 23 0 0 0 0 4 14 0 0 0
1560177660 70 0 17 0 0 0 0 2 0 0 23 0 0 0 0 4 14 0 0 0
1560179790 70 0 17 0 0 0 0 3 0 0 23 0 0 0 0 4 14 0 0 0
1560220509 70 0 17 0 0 0 0 4 0 0 23 0 0 0 0 4 14 0 0 0
1560227182 70 0 17 0 0 0 0 5 0 0 23 0 0 0 0 4 14 0 0 0
1560227277 70 0 17 0 0 0 0 6 0 0 23 0 0 0 0 4 14 0 0 0
1560238732 70 0 17 0 0 0 0 7 0 0 23 0 0 0 0 4 14 0 0 0
1560312280 70 0 17 0 0 0 0 8 0 0 23 0 0 0 0 4 14 0 0 0
1560312460 70 0 17 0 0 0 0 9 0 0 23 0 0 0 0 4 14 0 0 0
1560331410 71 0 17 0 0 0 0 9 0 0 23 0 0 0 0 4 14 0 0 0
1560389626 71 0 18 0 0 0 0 9 0 0 23 0 0 0 0 4 14 0 0 0
1560389700 71 0 19 0 0 0 0 9 0 0 23 0 0 0 0 4 14 0 0 0
1560389789 71 0 20 0 0 0 0 9 0 0 23 0 0 0 0 4 14 0 0 0
1560393919 72 0 20 0 0 0 0 9 0 0 23 0 0 0 0 4 14 0 0 0
1560435763 73 0 20 0 0 0 0 9 0 0 23 0 0 0 0 4 14 0 0 0
1560435774 74 0 20 0 0 0 0 9 0 0 23 0 0 0 0 4 14 0 0 0
1560478907 74 0 20 0 0 0 0 9 0 0 23 0 0 0 0 4 14 0 0 0
1560523154 75 0 20 0 0 0 0 9 0 0 23 0 0 0 0 4 14 0 0 0
1560524684 75 0 20 0 0 0 0 9 0 0 23 0 0 0 0 4 14 0 0 0
1560525513 75 0 20 0 0 0 0 9 0 0 23 0 0 0 0 4 14 0 0 0
1560565844 75 0 20 0 0 0 0 9 0 0 23 0 0 0 0 4 14 0 0 0
1560572513 76 0 20 0 0 0 0 9 0 0 23 0 0 0 0 4 14 0 0 0
1560573826 76 0 20 0 0 0 0 9 0 0 23 0 0 0 0 4 15 0 0 0
1560579569 77 0 20 0 0 0 0 9 0 0 23 0 0 0 0 4 15 0 0 0
1560582747 77 0 20 0 0 0 0 9 0 0 23 0 0 0 0 4 15 0 0 0
1560594471 77 0 20 0 0 0 0 9 0 0 23 0 0 0 0 4 15 0 0 0
1560607670 78 0 20 0 0 0 0 9 0 0 23 0 0 0 0 4 15 0 0 0
1560608327 79 0 20 0 0 0 0 9 0 0 23 0 0 0 0 4 15 0 0 0
1560610973 79 0 20 0 0 0 0 9 0 0 23 0 0 0 0 4 16 0 0 0
1560611098 79 0 20 0 0 0 0 9 0 0 23 0 0 0 0 4 17 0 0 0
1560654657 80 0 20 0 0 0 0 9 0 0 23 0 0 0 0 4 17 0 0 0
1560669689 80 0 20 0 0 0 0 9 0 0 23 0 0 0 0 4 17 0 0 0
1560676200 81 0 20 0 0 0 0 9 0 0 23 0 0 0 0 4 17 0 0 0
1560676297 82 0 20 0 0 0 0 9 0 0 23 0 0 0 0 4 17 0 0 0
1560687334 83 0 20 0 0 0 0 9 0 0 23 0 0 0 0 4 17 0 0 0
1560692141 84 0 20 0 0 0 0 9 0 0 23 0 0 0 0 4 17 0 0 0
1560735042 85 0 20 0 0 0 0 9 0 0 23 0 0 0 0 4 17 0 0 0
1560746242 85 0 21 0 0 0 0 9 0 0 23 0 0 0 0 4 17 0 0 0
1560746543 85 0 22 0 0 0 0 9 0 0 23 0 0 0 0 4 17 0 0 0
1560761641 85 0 23 0 0 0 0 9 0 0 23 0 0 0 0 4 17 0 0 0
1560764587 85 0 23 0 0 0 0 9 0 0 23 0 0 0 0 4 17 0 0 0
1560764599 85 0 23 0 0 0 0 9 0 0 23 0 0 0 0 4 17 0 0 0
1560863291 85 0 23 0 0 0 1 9 0 0 23 0 0 0 0 4 17 0 0 0
1560866936 85 0 23 0 0 0 1 9 0 0 23 0 0 0 0 5 17 0 0 0
1560912076 85 0 23 0 0 0 1 9 0 0 23 0 0 0 0 6 17 0 0 0
1560914891 85 0 23 0 0 0 2 9 0 0 23 0 0 0 0 6 17 0 0 0
1560916358 85 0 23 0 0 0 3 9 0 0 23 0 0 0 0 6 17 0 0 0
1561007354 85 0 23 0 0 0 3 9 0 0 23 0 0 0 0 6 17 0 0 0
1561033025 85 0 23 0 0 0 3 9 0 0 23 0 0 0 0 6 17 0 0 0
1561042024 86 0 23 0 0 0 3 9 0 0 23 0 0 0 0 6 17 0 0 0
1561085952 86 0 24 0 0 0 3 9 0 0 23 0 0 0 0 6 17 0 0 0
1561097731 86 0 24 0 0 0 3 9 0 0 23 0 0 0 0 6 17 0 0 0
1561097744 86 0 24 0 0 0 3 9 0 0 23 0 0 0 0 6 17 0 0 0
1561127649 87 0 24 0 0 0 3 9 0 0 23 0 0 0 0 6 17 0 0 0
1561127661 88 0 24 0 0 0 3 9 0 0 23 0 0 0 0 6 17 0 0 0
1561176017 89 0 24 0 0 0 3 9 0 0 23 0 0 0 0 6 17 0 0 0
1561260506 90 0 24 0 0 0 3 9 0 0 23 0 0 0 0 6 17 0 0 0
1561260580 91 0 24 0 0 0 3 9 0 0 23 0 0 0 0 6 17 0 0 0
1561269981 91 0 24 0 0 0 3 9 0 0 23 0 0 0 0 6 17 0 0 0
1561269989 91 0 24 0 0 0 3 9 0 0 23 0 0 0 0 6 17 0 0 0
1561354659 92 0 24 0 0 0 3 9 0 0 23 0 0 0 0 6 17 0 0 0
1561354669 93 0 24 0 0 0 3 9 0 0 23 0 0 0 0 6 17 0 0 0
1561362801 93 0 24 0 0 0 4 9 0 0 23 0 0 0 0 6 17 0 0 0
1561364475 93 0 24 0 0 0 5 9 0 0 23 0 0 0 0 6 17 0 0 0
1561364860 93 0 24 0 0 0 6 9 0 0 23 0 0 0 0 6 17 0 0 0
1561366327 93 0 24 0 0 0 6 9 0 0 23 0 0 0 0 7 17 0 0 0
1561367754 94 0 24 0 0 0 6 9 0 0 23 0 0 0 0 7 17 0 0 0
1561367770 95 0 24 0 0 0 6 9 0 0 23 0 0 0 0 7 17 0 0 0
1561384079 95 0 24 0 0 0 7 9 0 0 23 0 0 0 0 7 17 0 0 0
1561384749 95 0 24 0 0 0 8 9 0 0 23 0 0 0 0 7 17 0 0 0
1561385045 96 0 24 0 0 0 8 9 0 0 23 0 0 0 0 7 17 0 0 0
1561432980 96 0 25 0 0 0 8 9 0 0 23 0 0 0 0 7 17 0 0 0
1561453055 97 0 25 0 0 0 8 9 0 0 23 0 0 0 0 7 17 0 0 0
1561460952 98 0 25 0 0 0 8 9 0 0 23 0 0 0 0 7 17 0 0 0
1561470571 98 0 26 0 0 0 8 9 0 0 23 0 0 0 0 7 17 0 0 0
1561516259 99 0 26 0 0 0 8 9 0 0 23 0 0 0 0 7 17 0 0 0
1561531647 99 0 27 0 0 0 8 9 0 0 23 0 0 0 0 7 17 0 0 0
1561532353 99 0 28 0 0 0 8 9 0 0 23 0 0 0 0 7 17 0 0 0
1561540044 99 0 29 0 0 0 8 9 0 0 23 0 0 0 0 7 17 0 0 0
1561560147 99 0 30 0 0 0 8 9 0 0 23 0 0 0 0 7 17 0 0 0
1561560320 99 0 30 0 0 0 8 9 0 0 23 0 0 0 0 8 17 0 0 0
1561561120 99 0 30 0 0 0 8 9 0 0 23 0 0 0 0 9 17 0 0 0
1561613128 99 0 31 0 0 0 8 9 0 0 23 0 0 0 0 9 17 0 0 0
1561613826 99 0 32 0 0 0 8 9 0 0 23 0 0 0 0 9 17 0 0 0
1561625692 99 0 33 0 0 0 8 9 0 0 23 0 0 0 0 9 17 0 0 0
1561636515 99 0 34 0 0 0 8 9 0 0 23 0 0 0 0 9 17 0 0 0
1561644063 99 0 35 0 0 0 8 9 0 0 23 0 0 0 0 9 17 0 0 0
1561644135 99 0 36 0 0 0 8 9 0 0 23 0 0 0 0 9 17 0 0 0
1561644267 99 0 38 0 0 0 8 9 0 0 23 0 0 0 0 9 17 0 0 0
1561682831 99 0 39 0 0 0 8 9 0 0 23 0 0 0 0 9 17 0 0 0
1561687701 99 0 40 0 0 0 8 9 0 0 23 0 0 0 0 9 17 0 0 0
1561694514 99 0 41 0 0 0 8 9 0 0 23 0 0 0 0 9 17 0 0 0
1561702579 99 0 42 0 0 0 8 9 0 0 23 0 0 0 0 9 17 0 0 0
1561702755 99 0 43 0 0 0 8 9 0 0 23 0 0 0 0 9 17 0 0 0
1561703116 99 0 44 0 0 0 8 9 0 0 23 0 0 0 0 9 17 0 0 0
1561703135 99 0 45 0 0 0 8 9 0 0 23 0 0 0 0 9 17 0 0 0
1561703794 99 0 46 0 0 0 8 9 0 0 23 0 0 0 0 9 17 0 0 0
1561705186 99 0 47 0 0 0 8 9 0 0 23 0 0 0 0 9 17 0 0 0
1561714704 99 0 48 0 0 0 8 9 0 0 23 0 0 0 0 9 17 0 0 0
1562049822 99 0 49 0 0 0 8 9 0 0 23 0 0 0 0 9 17 0 0 0
1562571614 99 0 49 0 0 0 8 10 0 0 23 0 0 0 0 9 17 0 0 0
1562571650 99 0 49 0 0 0 8 11 0 0 23 0 0 0 0 9 17 0 0 0
1562679032 99 0 50 0 0 0 8 11 0 0 23 0 0 0 0 9 17 0 0 0
1562838811 100 0 50 0 0 0 8 11 0 0 23 0 0 0 0 9 17 0 0 0
1562838822 101 0 50 0 0 0 8 11 0 0 23 0 0 0 0 9 17 0 0 0
1562940153 101 0 51 0 0 0 8 11 0 0 23 0 0 0 0 9 17 0 0 0
1562940202 101 0 52 0 0 0 8 11 0 0 23 0 0 0 0 9 17 0 0 0
1562990322 101 0 52 0 0 0 9 11 0 0 23 0 0 0 0 9 17 0 0 0
1562990371 101 0 52 0 0 0 10 11 0 0 23 0 0 0 0 9 17 0 0 0
1562995930 101 0 52 0 0 0 11 11 0 0 23 0 0 0 0 9 17 0 0 0
1563333088 102 0 52 0 0 0 11 11 0 0 23 0 0 0 0 9 17 0 0 0
1563361345 102 0 53 0 0 0 11 11 0 0 23 0 0 0 0 9 17 0 0 0
1563455313 103 0 53 0 0 0 11 11 0 0 23 0 0 0 0 9 17 0 0 0
1563455322 104 0 53 0 0 0 11 11 0 0 23 0 0 0 0 9 17 0 0 0
1563455463 105 0 53 0 0 0 11 11 0 0 23 0 0 0 0 9 17 0 0 0
1563457171 105 0 54 0 0 0 11 11 0 0 23 0 0 0 0 9 17 0 0 0
1563605625 105 0 54 0 0 0 11 11 0 0 23 0 0 0 0 9 17 0 0 0
1563676732 105 0 55 0 0 0 11 11 0 0 23 0 0 0 0 9 17 0 0 0
1563677439 106 0 55 0 0 0 11 11 0 0 23 0 0 0 0 9 17 0 0 0
1563677836 106 0 56 0 0 0 11 11 0 0 23 0 0 0 0 9 17 0 0 0
1563794485 106 0 57 0 0 0 11 11 0 0 23 0 0 0 0 9 17 0 0 0
1563805291 107 0 57 0 0 0 11 11 0 0 23 0 0 0 0 9 17 0 0 0
1563890421 107 0 57 0 0 0 11 11 0 0 23 0 0 0 0 10 17 0 0 0
1563951370 107 0 58 0 0 0 11 11 0 0 23 0 0 0 0 10 17 0 0 0
1563980039 107 0 58 0 0 0 11 11 0 0 23 0 0 0 0 11 17 0 0 0
1563980106 108 0 58 0 0 0 11 11 0 0 23 0 0 0 0 11 17 0 0 0
1563980116 109 0 58 0 0 0 11 11 0 0 23 0 0 0 0 11 17 0 0 0
1564540782 109 0 58 0 0 0 11 11 0 0 23 0 0 0 0 11 17 1 0 0
1564541078 109 0 58 0 0 0 11 11 0 0 23 0 0 1 0 11 17 1 0 0
1564541092 109 0 58 0 0 0 11 11 0 0 23 0 0 2 0 11 17 1 0 0
1564541781 109 0 58 0 0 0 11 11 0 0 23 0 0 3 0 11 17 1 0 0
1564541951 109 0 58 0 0 0 11 11 0 0 23 0 0 3 0 11 17 2 0 0
1564652285 109 0 58 0 0 0 12 11 0 0 23 0 0 3 0 11 17 2 0 0
1564652571 109 0 58 0 0 0 13 11 0 0 23 0 0 3 0 11 17 2 0 0
1564997910 109 0 58 0 0 0 14 11 0 0 23 0 0 3 0 11 17 2 0 0
1565005066 109 0 58 0 0 0 14 11 0 0 23 0 0 3 0 11 17 3 0 0
1565062618 109 0 58 0 0 0 15 11 0 0 23 0 0 3 0 11 17 3 0 0
1565173153 109 0 58 0 0 0 15 11 0 0 23 0 0 3 0 11 17 4 0 0
1565173588 109 0 58 0 0 0 15 11 0 0 23 0 0 4 0 11 17 4 0 0
1565594990 109 0 58 0 0 0 16 11 0 0 23 0 0 4 0 11 17 4 0 0
1565837782 109 0 58 0 0 0 16 11 0 0 23 0 0 5 0 11 17 4 0 0
1565838277 109 0 58 0 0 0 16 11 0 0 23 0 0 6 0 11 17 4 0 0
1565839181 109 0 58 0 0 0 16 11 0 0 23 0 0 7 0 11 17 4 0 0
1565839493 109 0 58 0 0 0 16 11 0 0 23 0 0 7 0 11 17 5 0 0
1565839693 109 0 58 0 0 0 16 11 0 0 23 0 0 8 0 11 17 5 0 0
1566012675 109 0 58 0 0 0 16 11 0 0 23 0 0 8 0 11 17 6 0 0
1566029027 109 0 58 0 0 0 16 11 0 0 23 0 0 8 0 11 17 7 0 0
1566140964 109 0 58 0 0 0 16 11 0 0 23 0 0 8 0 12 17 7 0 0
1566141268 109 0 58 0 0 0 16 11 0 0 23 0 0 8 0 13 17 7 0 0
1566221369 110 0 58 0 0 0 16 11 0 0 23 0 0 8 0 13 17 7 0 0
1566221396 111 0 58 0 0 0 16 11 0 0 23 0 0 8 0 13 17 7 0 0
1566307539 111 0 59 0 0 0 16 11 0 0 23 0 0 8 0 13 17 7 0 0
1566307896 112 0 59 0 0 0 16 11 0 0 23 0 0 8 0 13 17 7 0 0
1566311145 112 0 60 0 0 0 16 11 0 0 23 0 0 8 0 13 17 7 0 0
1566311154 112 0 61 0 0 0 16 11 0 0 23 0 0 8 0 13 17 7 0 0
1566311356 112 0 62 0 0 0 16 11 0 0 23 0 0 8 0 13 17 7 0 0
1566311519 112 0 63 0 0 0 16 11 0 0 23 0 0 8 0 13 17 7 0 0
1566355085 112 0 63 0 0 0 16 11 0 0 23 0 0 8 0 13 17 7 0 0
1566371442 113 0 63 0 0 0 16 11 0 0 23 0 0 8 0 13 17 7 0 0
1566373675 113 0 64 0 0 0 16 11 0 0 23 0 0 8 0 13 17 7 0 0
1566382642 113 0 65 0 0 0 16 11 0 0 23 0 0 8 0 13 17 7 0 0
1566396565 113 0 66 0 0 0 16 11 0 0 23 0 0 8 0 13 17 7 0 0
1566460789 113 0 67 0 0 0 16 11 0 0 23 0 0 8 0 13 17 7 0 0
1566701419 113 0 68 0 0 0 16 11 0 0 23 0 0 8 0 13 17 7 0 0
1566721976 113 0 68 0 0 0 16 11 0 0 23 0 0 8 0 14 17 7 0 0
1566722104 113 0 68 0 0 0 16 11 0 0 23 0 0 8 0 15 17 7 0 0
1566822574 113 0 69 0 0 0 16 11 0 0 23 0 0 8 0 15 17 7 0 0
1566822702 113 0 70 0 0 0 16 11 0 0 23 0 0 8 0 15 17 7 0 0
1566822727 113 0 71 0 0 0 16 11 0 0 23 0 0 8 0 15 17 7 0 0
1566827349 113 0 72 0 0 0 16 11 0 0 23 0 0 8 0 15 17 7 0 0
1566888949 113 0 73 0 0 0 16 11 0 0 23 0 0 8 0 15 17 7 0 0
1566901969 113 0 74 0 0 0 16 11 0 0 23 0 0 8 0 15 17 7 0 0
1566902045 113 0 75 0 0 0 16 11 0 0 23 0 0 8 0 15 17 7 0 0
1566902225 113 0 76 0 0 0 16 11 0 0 23 0 0 8 0 15 17 7 0 0
1566905830 113 0 77 0 0 0 16 11 0 0 23 0 0 8 0 15 17 7 0 0
1566915722 113 0 78 0 0 0 16 11 0 0 23 0 0 8 0 15 17 7 0 0
1566981706 113 0 78 0 0 0 16 11 0 0 23 0 0 8 0 15 17 8 0 0
1567044531 113 0 79 0 0 0 16 11 0 0 23 0 0 8 0 15 17 8 0 0
1567047194 113 0 79 0 0 0 16 11 0 0 23 0 0 8 0 15 17 9 0 0
1567132530 114 0 79 0 0 0 16 11 0 0 23 0 0 8 0 15 17 9 0 0
1567136266 114 0 79 0 0 0 16 11 0 0 23 0 0 8 0 15 17 10 0 0
1567147281 114 0 79 0 0 0 16 11 0 0 23 0 0 8 0 15 17 11 0 0
1567149626 114 0 79 0 0 0 16 11 0 0 23 0 0 8 0 15 17 12 0 0
1567169063 114 0 79 0 0 0 17 11 0 0 23 0 0 8 0 15 17 12 0 0
1567234432 114 0 80 0 0 0 17 11 0 0 23 0 0 8 0 15 17 12 0 0
1567235743 114 0 81 0 0 0 17 11 0 0 23 0 0 8 0 15 17 12 0 0
1567239432 114 0 81 0 0 0 17 11 0 0 23 0 0 9 0 15 17 12 0 0
1567301061 114 0 82 0 0 0 17 11 0 0 23 0 0 9 0 15 17 12 0 0
1567307279 114 0 83 0 0 0 17 11 0 0 23 0 0 9 0 15 17 12 0 0
1567309754 114 0 84 0 0 0 17 11 0 0 23 0 0 9 0 15 17 12 0 0
1567324440 114 0 85 0 0 0 17 11 0 0 23 0 0 9 0 15 17 12 0 0
1567324922 114 0 86 0 0 0 17 11 0 0 23 0 0 9 0 15 17 12 0 0
1567330210 114 0 87 0 0 0 17 11 0 0 23 0 0 9 0 15 17 12 0 0
1567401897 115 0 87 0 0 0 17 11 0 0 23 0 0 9 0 15 17 12 0 0
1567404555 116 0 87 0 0 0 17 11 0 0 23 0 0 9 0 15 17 12 0 0
1567406545 117 0 87 0 0 0 17 11 0 0 23 0 0 9 0 15 17 12 0 0
1567408610 117 0 87 0 0 0 18 11 0 0 23 0 0 9 0 15 17 12 0 0
1567416749 117 0 87 0 0 0 19 11 0 0 23 0 0 9 0 15 17 12 0 0
1567482983 118 0 87 0 0 0 19 11 0 0 23 0 0 9 0 15 17 12 0 0
1567492855 118 0 87 0 0 0 20 11 0 0 23 0 0 9 0 15 17 12 0 0
1567499194 118 0 87 0 0 0 21 11 0 0 23 0 0 9 0 15 17 12 0 0
1567503438 118 0 87 0 0 0 22 11 0 0 23 0 0 9 0 15 17 12 0 0
1567512238 118 0 87 0 0 0 23 11 0 0 23 0 0 9 0 15 17 12 0 0
1567516864 118 0 87 0 0 0 24 11 0 0 23 0 0 9 0 15 17 12 0 0
1567566977 119 0 87 0 0 0 24 11 0 0 23 0 0 9 0 15 17 12 0 0
1567598921 119 0 87 0 0 0 25 11 0 0 23 0 0 9 0 15 17 12 0 0
1567601427 119 0 87 0 0 0 26 11 0 0 23 0 0 9 0 15 17 12 0 0
1567675228 119 0 87 0 0 0 27 11 0 0 23 0 0 9 0 15 17 12 0 0
1567755536 119 0 88 0 0 0 27 11 0 0 23 0 0 9 0 15 17 12 0 0
1567755541 119 0 89 0 0 0 27 11 0 0 23 0 0 9 0 15 17 12 0 0
1567757512 119 0 90 0 0 0 27 11 0 0 23 0 0 9 0 15 17 12 0 0
1567907446 119 0 91 0 0 0 27 11 0 0 23 0 0 9 0 15 17 12 0 0
1567910533 119 0 92 0 0 0 27 11 0 0 23 0 0 9 0 15 17 12 0 0
1567910661 119 0 93 0 0 0 27 11 0 0 23 0 0 9 0 15 17 12 0 0
1567910665 119 0 94 0 0 0 27 11 0 0 23 0 0 9 0 15 17 12 0 0
1567912520 119 0 95 0 0 0 27 11 0 0 23 0 0 9 0 15 17 12 0 0
1567945178 119 0 95 0 0 0 27 12 0 0 23 0 0 9 0 15 17 12 0 0
1567946906 119 0 96 0 0 0 27 12 0 0 23 0 0 9 0 15 17 12 0 0
1568199850 119 0 97 0 0 0 27 12 0 0 23 0 0 9 0 15 17 12 0 0
1568209119 119 0 97 0 0 0 27 13 0 0 23 0 0 9 0 15 17 12 0 0
1568256680 119 0 98 0 0 0 27 13 0 0 23 0 0 9 0 15 17 12 0 0
1568256689 119 0 99 0 0 0 27 13 0 0 23 0 0 9 0 15 17 12 0 0
1568340526 120 0 99 0 0 0 27 13 0 0 23 0 0 9 0 15 17 12 0 0
1568563761 120 0 99 0 0 0 28 13 0 0 23 0 0 9 0 15 17 12 0 0
1568574265 120 0 99 0 0 0 29 13 0 0 23 0 0 9 0 15 17 12 0 0
1568690493 120 0 100 0 0 0 29 13 0 0 23 0 0 9 0 15 17 12 0 0
1568701001 120 0 101 0 0 0 29 13 0 0 23 0 0 9 0 15 17 12 0 0
1568796128 120 0 102 0 0 0 29 13 0 0 23 0 0 9 0 15 17 12 0 0
1568814536 120 0 102 0 0 0 29 14 0 0 23 0 0 9 0 15 17 12 0 0
1568816808 120 0 102 0 0 0 29 15 0 0 23 0 0 9 0 15 17 12 0 0
1568896143 120 0 103 0 0 0 29 15 0 0 23 0 0 9 0 15 17 12 0 0
1568896185 120 0 104 0 0 0 29 15 0 0 23 0 0 9 0 15 17 12 0 0
1568904348 121 0 104 0 0 0 29 15 0 0 23 0 0 9 0 15 17 12 0 0
1568909508 121 0 104 0 0 0 29 16 0 0 23 0 0 9 0 15 17 12 0 0
1568909637 121 0 104 0 0 0 29 17 0 0 23 0 0 9 0 15 17 12 0 0
1568954119 121 0 104 0 0 0 29 18 0 0 23 0 0 9 0 15 17 12 0 0
1568954161 121 0 104 0 0 0 29 19 0 0 23 0 0 9 0 15 17 12 0 0
1568955130 122 0 104 0 0 0 29 19 0 0 23 0 0 9 0 15 17 12 0 0
1568955145 123 0 104 0 0 0 29 19 0 0 23 0 0 9 0 15 17 12 0 0
1568970399 123 0 104 0 0 0 29 19 0 0 23 0 0 9 0 15 17 12 0 0
1568992118 123 0 104 0 0 0 29 20 0 0 23 0 0 9 0 15 17 12 0 0
1569029200 123 0 104 0 0 0 29 20 0 0 23 0 0 9 0 15 17 13 0 0
1569036056 123 0 104 0 0 0 29 20 0 0 23 0 0 9 0 15 17 13 0 0
1569054199 123 0 104 0 0 0 29 20 0 0 23 0 0 9 0 15 17 13 0 0
1569054493 123 0 104 0 0 0 29 21 0 0 23 0 0 9 0 15 17 13 0 0
1569055277 123 0 104 0 0 0 29 22 0 0 23 0 0 9 0 15 17 13 0 0
1569167681 123 0 104 0 0 0 29 23 0 0 23 0 0 9 0 15 17 13 0 0
1569167771 123 0 104 0 0 0 29 23 0 0 23 0 0 10 0 15 17 13 0 0
1569167793 123 0 104 0 0 0 29 23 0 0 23 0 0 11 0 15 17 13 0 0
1569229277 124 0 104 0 0 0 29 23 0 0 23 0 0 11 0 15 17 13 0 0
1569253937 124 0 104 0 0 0 29 24 0 0 23 0 0 11 0 15 17 13 0 0
1569305262 124 0 104 0 0 0 29 24 0 0 23 0 0 11 0 15 17 13 0 0
1569306397 125 0 104 0 0 0 29 24 0 0 23 0 0 11 0 15 17 13 0 0
1569384389 126 0 104 0 0 0 29 24 0 0 23 0 0 11 0 15 17 13 0 0
1569462801 126 0 104 0 0 0 29 24 0 0 23 0 0 12 0 15 17 13 0 0
1569462929 126 0 104 0 0 0 29 25 0 0 23 0 0 12 0 15 17 13 0 0
1569463053 126 0 104 0 0 0 29 26 0 0 23 0 0 12 0 15 17 13 0 0
1569552508 127 0 104 0 0 0 29 26 0 0 23 0 0 12 0 15 17 13 0 0
1569576562 128 0 104 0 0 0 29 26 0 0 23 0 0 12 0 15 17 13 0 0
1569659118 128 0 104 0 0 0 29 26 0 0 23 0 0 13 0 15 17 13 0 0
1570461752 128 0 104 0 0 0 29 26 0 0 23 0 0 14 0 15 17 13 0 0
1570552579 128 0 104 0 0 0 29 26 0 0 23 0 0 15 0 15 17 13 0 0
1570583759 128 0 105 0 0 0 29 26 0 0 23 0 0 15 0 15 17 13 0 0
1570585193 128 0 105 0 0 0 29 26 0 0 23 0 0 15 0 15 17 14 0 0
1570590461 128 0 106 0 0 0 29 26 0 0 23 0 0 15 0 15 17 14 0 0
1570598029 128 0 106 0 0 0 29 26 0 0 23 0 0 16 0 15 17 14 0 0
1570613553 129 0 106 0 0 0 29 26 0 0 23 0 0 16 0 15 17 14 0 0
1570613584 130 0 106 0 0 0 29 26 0 0 23 0 0 16 0 15 17 14 0 0
1570614089 130 0 106 0 0 0 30 26 0 0 23 0 0 16 0 15 17 14 0 0
1570614111 130 0 106 0 0 0 31 26 0 0 23 0 0 16 0 15 17 14 0 0
1570622896 131 0 106 0 0 0 31 26 0 0 23 0 0 16 0 15 17 14 0 0
1570622913 132 0 106 0 0 0 31 26 0 0 23 0 0 16 0 15 17 14 0 0
1570637483 132 0 106 0 0 0 31 26 0 0 23 0 0 17 0 15 17 14 0 0
1570675978 132 0 107 0 0 0 31 26 0 0 23 0 0 17 0 15 17 14 0 0
1570675993 132 0 108 0 0 0 31 26 0 0 23 0 0 17 0 15 17 14 0 0
1570709133 132 0 108 0 0 0 31 26 0 0 23 0 0 17 0 15 17 14 0 0
1570709394 132 0 108 0 0 0 31 26 0 0 23 0 0 17 0 15 17 14 0 0
1570767139 132 0 108 0 0 0 31 27 0 0 23 0 0 17 0 15 17 14 0 0
1570774210 132 0 109 0 0 0 31 27 0 0 23 0 0 17 0 15 17 14 0 0
1570774220 132 0 110 0 0 0 31 27 0 0 23 0 0 17 0 15 17 14 0 0
1570850291 132 0 110 0 0 0 32 27 0 0 23 0 0 17 0 15 17 14 0 0
1570850346 132 0 110 0 0 0 33 27 0 0 23 0 0 17 0 15 17 14 0 0
1570850371 133 0 110 0 0 0 33 27 0 0 23 0 0 17 0 15 17 14 0 0
1570850666 134 0 110 0 0 0 33 27 0 0 23 0 0 17 0 15 17 14 0 0
1570969532 134 0 110 0 0 0 33 27 0 0 23 0 0 17 0 15 17 14 0 0
1570970313 134 0 110 0 0 0 33 27 0 0 23 0 0 17 0 15 17 15 0 0
1570971163 134 0 110 0 0 0 33 27 0 0 23 0 0 17 0 15 17 16 0 0
1570976752 135 0 110 0 0 0 33 27 0 0 23 0 0 17 0 15 17 16 0 0
1571020645 135 0 110 0 0 0 33 27 0 0 23 0 0 17 0 15 17 16 0 0
1571021809 135 0 110 0 0 0 33 28 0 0 23 0 0 17 0 15 17 16 0 0
1571128967 135 0 110 0 0 0 33 28 0 0 23 0 0 18 0 15 17 16 0 0
1571129069 136 0 110 0 0 0 33 28 0 0 23 0 0 18 0 15 17 16 0 0
1571129081 137 0 110 0 0 0 33 28 0 0 23 0 0 18 0 15 17 16 0 0
1571133073 138 0 110 0 0 0 33 28 0 0 23 0 0 18 0 15 17 16 0 0
1571149626 138 0 110 0 0 0 33 28 0 0 23 0 0 18 0 15 17 16 0 0
1571190754 138 0 110 0 0 0 33 28 0 0 23 0 0 18 0 15 17 16 0 0
1571195998 139 0 110 0 0 0 33 28 0 0 23 0 0 18 0 15 17 16 0 0
1571196007 140 0 110 0 0 0 33 28 0 0 23 0 0 18 0 15 17 16 0 0
1571196305 141 0 110 0 0 0 33 28 0 0 23 0 0 18 0 15 17 16 0 0
1571236478 141 0 110 0 0 0 33 28 0 0 23 0 0 18 1 15 17 16 0 0
1571236760 141 0 110 0 0 0 33 28 0 0 23 0 0 18 2 15 17 16 0 0
1571237604 141 0 110 0 0 0 33 28 0 0 23 0 0 18 3 15 17 16 0 0
1571279872 142 0 110 0 0 0 33 28 0 0 23 0 0 18 3 15 17 16 0 0
1571279883 143 0 110 0 0 0 33 28 0 0 23 0 0 18 3 15 17 16 0 0
1571282408 143 0 111 0 0 0 33 28 0 0 23 0 0 18 3 15 17 16 0 0
1571282446 143 0 112 0 0 0 33 28 0 0 23 0 0 18 3 15 17 16 0 0
1571282724 144 0 112 0 0 0 33 28 0 0 23 0 0 18 3 15 17 16 0 0
1571297743 144 0 113 0 0 0 33 28 0 0 23 0 0 18 3 15 17 16 0 0
1571297751 144 0 114 0 0 0 33 28 0 0 23 0 0 18 3 15 17 16 0 0
1571297905 144 0 115 0 0 0 33 28 0 0 23 0 0 18 3 15 17 16 0 0
1571301916 144 0 116 0 0 0 33 28 0 0 23 0 0 18 3 15 17 16 0 0
1571325237 145 0 116 0 0 0 33 28 0 0 23 0 0 18 3 15 17 16 0 0
1571325253 146 0 116 0 0 0 33 28 0 0 23 0 0 18 3 15 17 16 0 0
1571372904 146 0 117 0 0 0 33 28 0 0 23 0 0 18 3 15 17 16 0 0
1571373023 146 0 118 0 0 0 33 28 0 0 23 0 0 18 3 15 17 16 0 0
1571382726 146 0 119 0 0 0 33 28 0 0 23 0 0 18 3 15 17 16 0 0
1571384993 146 0 120 0 0 0 33 28 0 0 23 0 0 18 3 15 17 16 0 0
1571389936 146 0 121 0 0 0 33 28 0 0 23 0 0 18 3 15 17 16 0 0
1571394718 146 0 121 0 0 1 33 28 0 0 23 0 0 18 3 15 17 16 0 0
1571456782 147 0 121 0 0 1 33 28 0 0 23 0 0 18 3 15 17 16 0 0
1571477393 148 0 121 0 0 1 33 28 0 0 23 0 0 18 3 15 17 16 0 0
1571492876 148 0 121 0 0 1 33 28 0 0 23 0 0 18 3 15 17 17 0 0
1571645484 148 0 121 0 0 2 33 28 0 0 23 0 0 18 3 15 17 17 0 0
1571646131 148 0 121 0 0 3 33 28 0 0 23 0 0 18 3 15 17 17 0 0
1571647372 148 0 121 0 0 4 33 28 0 0 23 0 0 18 3 15 17 17 0 0
1571660237 149 0 121 0 0 4 33 28 0 0 23 0 0 18 3 15 17 17 0 0
1571661073 150 0 121 0 0 4 33 28 0 0 23 0 0 18 3 15 17 17 0 0
1571801408 151 0 121 0 0 4 33 28 0 0 23 0 0 18 3 15 17 17 0 0
1571906249 152 0 121 0 0 4 33 28 0 0 23 0 0 18 3 15 17 17 0 0
1571907648 152 0 121 0 0 5 33 28 0 0 23 0 0 18 3 15 17 17 0 0
1571908572 152 0 121 0 0 6 33 28 0 0 23 0 0 18 3 15 17 17 0 0
1571970949 152 0 121 0 0 7 33 28 0 0 23 0 0 18 3 15 17 17 0 0
1571974105 152 0 121 0 0 7 34 28 0 0 23 0 0 18 3 15 17 17 0 0
1571977574 152 0 121 0 0 8 34 28 0 0 23 0 0 18 3 15 17 17 0 0
1571983619 152 0 121 0 0 9 34 28 0 0 23 0 0 18 3 15 17 17 0 0
1571997582 152 0 121 0 0 9 35 28 0 0 23 0 0 18 3 15 17 17 0 0
1572060622 152 0 121 0 0 10 35 28 0 0 23 0 0 18 3 15 17 17 0 0
1572060947 152 0 121 0 0 11 35 28 0 0 23 0 0 18 3 15 17 17 0 0
1572080263 153 0 121 0 0 11 35 28 0 0 23 0 0 18 3 15 17 17 0 0
1572080280 154 0 121 0 0 11 35 28 0 0 23 0 0 18 3 15 17 17 0 0
1572080906 155 0 121 0 0 11 35 28 0 0 23 0 0 18 3 15 17 17 0 0
1572081220 156 0 121 0 0 11 35 28 0 0 23 0 0 18 3 15 17 17 0 0
1572097308 157 0 121 0 0 11 35 28 0 0 23 0 0 18 3 15 17 17 0 0
1572141139 158 0 121 0 0 11 35 28 0 0 23 0 0 18 3 15 17 17 0 0
1572141700 159 0 121 0 0 11 35 28 0 0 23 0 0 18 3 15 17 17 0 0
1572147548 159 0 121 0 0 12 35 28 0 0 23 0 0 18 3 15 17 17 0 0
1572147557 159 0 121 0 0 13 35 28 0 0 23 0 0 18 3 15 17 17 0 0
1572158369 160 0 121 0 0 13 35 28 0 0 23 0 0 18 3 15 17 17 0 0
1572158435 161 0 121 0 0 13 35 28 0 0 23 0 0 18 3 15 17 17 0 0
1572186778 161 0 121 0 0 13 35 29 0 0 23 0 0 18 3 15 17 17 0 0
1572186811 162 0 121 0 0 13 35 29 0 0 23 0 0 18 3 15 17 17 0 0
1572186824 163 0 121 0 0 13 35 29 0 0 23 0 0 18 3 15 17 17 0 0
1572187553 163 0 121 0 0 13 35 29 0 0 23 0 0 18 3 15 17 17 0 0
1572333066 164 0 121 0 0 13 35 29 0 0 23 0 0 18 3 15 17 17 0 0
1572334229 165 0 121 0 0 13 35 29 0 0 23 0 0 18 3 15 17 17 0 0
1572334951 166 0 121 0 0 13 35 29 0 0 23 0 0 18 3 15 17 17 0 0
1572341243 167 0 121 0 0 13 35 29 0 0 23 0 0 18 3 15 17 17 0 0
1572341620 167 0 122 0 0 13 35 29 0 0 23 0 0 18 3 15 17 17 0 0
1572426408 167 0 122 0 0 14 35 29 0 0 23 0 0 18 3 15 17 17 0 0
1572426561 167 0 122 0 0 15 35 29 0 0 23 0 0 18 3 15 17 17 0 0
1572488161 168 0 122 0 0 15 35 29 0 0 23 0 0 18 3 15 17 17 0 0
1572488171 169 0 122 0 0 15 35 29 0 0 23 0 0 18 3 15 17 17 0 0
1572497010 170 0 122 0 0 15 35 29 0 0 23 0 0 18 3 15 17 17 0 0
1572515921 171 0 122 0 0 15 35 29 0 0 23 0 0 18 3 15 17 17 0 0
1572528715 172 0 122 0 0 15 35 29 0 0 23 0 0 18 3 15 17 17 0 0
1572530018 172 0 122 0 0 16 35 29 0 0 23 0 0 18 3 15 17 17 0 0
1572530096 172 0 122 0 0 17 35 29 0 0 23 0 0 18 3 15 17 17 0 0
1572532668 172 0 122 0 0 18 35 29 0 0 23 0 0 18 3 15 17 17 0 0
1572577799 172 0 122 0 0 19 35 29 0 0 23 0 0 18 3 15 17 17 0 0
1572594441 172 0 122 0 0 20 35 29 0 0 23 0 0 18 3 15 17 17 0 0
1572600254 172 0 122 0 0 20 35 29 0 0 23 0 0 18 3 16 17 17 0 0
1572600299 172 0 122 0 0 20 35 29 0 0 23 0 0 18 3 17 17 17 0 0
1572667800 173 0 122 0 0 20 35 29 0 0 23 0 0 18 3 17 17 17 0 0
1572667812 174 0 122 0 0 20 35 29 0 0 23 0 0 18 3 17 17 17 0 0
1572672146 174 0 122 0 0 20 35 30 0 0 23 0 0 18 3 17 17 17 0 0
1572747811 175 0 122 0 0 20 35 30 0 0 23 0 0 18 3 17 17 17 0 0
1572778556 176 0 122 0 0 20 35 30 0 0 23 0 0 18 3 17 17 17 0 0
1572780436 176 0 122 0 0 20 35 31 0 0 23 0 0 18 3 17 17 17 0 0
1572871474 176 0 122 0 0 20 35 31 0 0 23 0 0 18 3 17 17 17 0 0
1572875808 176 0 122 0 0 21 35 31 0 0 23 0 0 18 3 17 17 17 0 0
1572876903 176 0 122 0 0 22 35 31 0 0 23 0 0 18 3 17 17 17 0 0
1572877111 176 0 122 0 0 22 35 31 0 0 23 0 0 18 3 17 17 17 0 0
1572941323 176 0 122 0 0 23 35 31 0 0 23 0 0 18 3 17 17 17 0 0
1572955176 176 0 122 0 0 23 35 32 0 0 23 0 0 18 3 17 17 17 0 0
1572960771 176 0 122 0 0 24 35 32 0 0 23 0 0 18 3 17 17 17 0 0
1572961169 176 0 122 0 0 24 35 33 0 0 23 0 0 18 3 17 17 17 0 0
1572961706 176 0 122 0 0 25 35 33 0 0 23 0 0 18 3 17 17 17 0 0
1572962068 176 0 122 0 0 26 35 33 0 0 23 0 0 18 3 17 17 17 0 0
1572962497 176 0 122 0 0 26 35 33 0 0 23 0 0 19 3 17 17 17 0 0
1573031111 176 0 123 0 0 26 35 33 0 0 23 0 0 19 3 17 17 17 0 0
1573031577 176 0 124 0 0 26 35 33 0 0 23 0 0 19 3 17 17 17 0 0
1573091735 177 0 124 0 0 26 35 33 0 0 23 0 0 19 3 17 17 17 0 0
1573091748 178 0 124 0 0 26 35 33 0 0 23 0 0 19 3 17 17 17 0 0
1573093289 179 0 124 0 0 26 35 33 0 0 23 0 0 19 3 17 17 17 0 0
1573094700 180 0 124 0 0 26 35 33 0 0 23 0 0 19 3 17 17 17 0 0
1573097356 180 0 124 0 0 26 35 33 0 0 23 0 0 19 3 17 17 17 0 0
1573116769 180 0 124 0 0 26 35 33 0 0 23 0 0 19 3 17 17 17 0 0
1573117242 180 0 124 0 0 26 35 33 0 0 23 0 0 19 3 17 17 17 0 0
1573218952 180 0 124 0 0 27 35 33 0 0 23 0 0 19 3 17 17 17 0 0
1573219521 180 0 124 0 0 28 35 33 0 0 23 0 0 19 3 17 17 17 0 0
1573219761 180 0 124 0 0 29 35 33 0 0 23 0 0 19 3 17 17 17 0 0
1573293149 180 0 124 0 0 30 35 33 0 0 23 0 0 19 3 17 17 17 0 0
1573303029 180 0 124 0 0 31 35 33 0 0 23 0 0 19 3 17 17 17 0 0
1573306608 180 0 124 0 0 32 35 33 0 0 23 0 0 19 3 17 17 17 0 0
1573309665 180 0 124 0 0 32 35 33 0 0 23 0 0 19 3 17 17 17 0 0
1573309835 180 0 124 0 0 32 35 33 0 0 23 0 0 19 3 17 17 17 0 0
1573464995 180 0 124 0 0 33 35 33 0 0 23 0 0 19 3 17 17 17 0 0
1573480153 181 0 124 0 0 33 35 33 0 0 23 0 0 19 3 17 17 17 0 0
1573480309 182 0 124 0 0 33 35 33 0 0 23 0 0 19 3 17 17 17 0 0
1573532789 183 0 124 0 0 33 35 33 0 0 23 0 0 19 3 17 17 17 0 0
1573549671 184 0 124 0 0 33 35 33 0 0 23 0 0 19 3 17 17 17 0 0
1573549910 184 0 124 0 0 33 35 33 0 0 23 0 0 19 3 17 17 17 0 0
1573549916 184 0 124 0 0 33 35 33 0 0 23 0 0 19 3 17 17 17 0 0
1573557589 185 0 124 0 0 33 35 33 0 0 23 0 0 19 3 17 17 17 0 0
1573557598 186 0 124 0 0 33 35 33 0 0 23 0 0 19 3 17 17 17 0 0
1573611844 186 0 124 0 0 33 35 33 0 0 23 0 0 19 3 17 17 17 0 0
1573612864 186 0 124 0 0 34 35 33 0 0 23 0 0 19 3 17 17 17 0 0
1573613047 186 0 124 0 0 35 35 33 0 0 23 0 0 19 3 17 17 17 0 0
1573636843 186 0 124 0 0 36 35 33 0 0 23 0 0 19 3 17 17 17 0 0
1573699817 186 0 124 0 0 36 35 33 0 0 23 0 0 19 3 17 17 17 0 0
1573700010 186 0 124 0 0 36 35 33 0 0 23 0 0 19 3 17 17 17 0 0
1573717947 187 0 124 0 0 36 35 33 0 0 23 0 0 19 3 17 17 17 0 0
1573718009 188 0 124 0 0 36 35 33 0 0 23 0 0 19 3 17 17 17 0 0
1573722368 189 0 124 0 0 36 35 33 0 0 23 0 0 19 3 17 17 17 0 0
1573722915 190 0 124 0 0 36 35 33 0 0 23 0 0 19 3 17 17 17 0 0
1574345326 190 0 124 0 0 37 35 33 0 0 23 0 0 19 3 17 17 17 0 0
1574345455 190 0 124 0 0 38 35 33 0 0 23 0 0 19 3 17 17 17 0 0
1574389312 190 0 124 0 0 39 35 33 0 0 23 0 0 19 3 17 17 17 0 0
1574393082 190 0 124 0 0 40 35 33 0 0 23 0 0 19 3 17 17 17 0 0
1574393629 190 0 124 0 0 41 35 33 0 0 23 0 0 19 3 17 17 17 0 0
1574399949 190 0 124 0 0 42 35 33 0 0 23 0 0 19 3 17 17 17 0 0
1574428960 190 0 124 0 0 43 35 33 0 0 23 0 0 19 3 17 17 17 0 0
1574604334 191 0 124 0 0 43 35 33 0 0 23 0 0 19 3 17 17 17 0 0
1574652425 191 1 124 0 0 43 35 33 0 0 23 0 0 19 3 17 17 17 0 0
1574669777 191 2 124 0 0 43 35 33 0 0 23 0 0 19 3 17 17 17 0 0
1574682947 191 2 124 0 0 43 35 33 0 0 23 0 0 19 3 17 17 17 0 0
1574686560 191 2 125 0 0 43 35 33 0 0 23 0 0 19 3 17 17 17 0 0
1574689535 191 2 125 0 0 44 35 33 0 0 23 0 0 19 3 17 17 17 0 0
1574689663 191 2 125 0 0 45 35 33 0 0 23 0 0 19 3 17 17 17 0 0
1574691422 191 3 125 0 0 45 35 33 0 0 23 0 0 19 3 17 17 17 0 0
1574691432 191 4 125 0 0 45 35 33 0 0 23 0 0 19 3 17 17 17 0 0
1574850015 191 4 125 0 0 46 35 33 0 0 23 0 0 19 3 17 17 17 0 0
1574850178 191 4 125 0 0 47 35 33 0 0 23 0 0 19 3 17 17 17 0 0
1574909032 191 5 125 0 0 47 35 33 0 0 23 0 0 19 3 17 17 17 0 0
1575039592 192 5 125 0 0 47 35 33 0 0 23 0 0 19 3 17 17 17 0 0
1575104859 192 5 125 0 0 48 35 33 0 0 23 0 0 19 3 17 17 17 0 0
1575104933 192 5 125 0 0 49 35 33 0 0 23 0 0 19 3 17 17 17 0 0
1575105051 193 5 125 0 0 49 35 33 0 0 23 0 0 19 3 17 17 17 0 0
1575105070 194 5 125 0 0 49 35 33 0 0 23 0 0 19 3 17 17 17 0 0
1575175667 194 5 125 0 0 50 35 33 0 0 23 0 0 19 3 17 17 17 0 0
1575175708 194 5 125 0 0 51 35 33 0 0 23 0 0 19 3 17 17 17 0 0
1575456205 194 5 125 0 0 52 35 33 0 0 23 0 0 19 3 17 17 17 0 0
1575510391 195 5 125 0 0 52 35 33 0 0 23 0 0 19 3 17 17 17 0 0
1575511417 195 5 125 0 0 53 35 33 0 0 23 0 0 19 3 17 17 17 0 0
1575513787 195 5 125 0 0 54 35 33 0 0 23 0 0 19 3 17 17 17 0 0
1575536309 195 5 125 0 0 55 35 33 0 0 23 0 0 19 3 17 17 17 0 0
1575547924 195 6 125 0 0 55 35 33 0 0 23 0 0 19 3 17 17 17 0 0
1575689301 196 6 125 0 0 55 35 33 0 0 23 0 0 19 3 17 17 17 0 0
1575689310 197 6 125 0 0 55 35 33 0 0 23 0 0 19 3 17 17 17 0 0
1575965029 198 6 125 0 0 55 35 33 0 0 23 0 0 19 3 17 17 17 0 0
1575989552 199 6 125 0 0 55 35 33 0 0 23 0 0 19 3 17 17 17 0 0
1576120391 199 6 125 0 0 56 35 33 0 0 23 0 0 19 3 17 17 17 0 0
1576203006 199 6 125 0 0 56 35 33 0 0 23 0 0 19 3 17 17 17 0 0
1576203018 199 6 125 0 0 56 35 33 0 0 23 0 0 19 3 17 17 17 0 0
1576204952 199 6 125 0 0 57 35 33 0 0 23 0 0 19 3 17 17 17 0 0
1576205068 199 6 125 0 0 58 35 33 0 0 23 0 0 19 3 17 17 17 0 0
1576326288 199 6 125 0 0 58 35 33 0 0 23 0 0 19 3 17 17 17 0 0
1576501391 199 6 125 0 0 58 35 33 0 0 23 0 0 19 4 17 17 17 0 0
1576501829 199 6 125 0 0 58 35 33 0 0 23 0 0 19 4 17 17 17 0 0
1576574956 199 6 125 0 0 58 35 33 0 0 23 0 0 19 5 17 17 17 0 0
1576637815 199 6 125 0 0 58 35 33 0 0 23 0 0 19 5 17 17 17 0 0
1576665771 199 6 125 0 0 58 35 33 0 0 23 0 0 19 5 17 17 17 0 0
1576768932 199 6 125 0 0 58 35 34 0 0 23 0 0 19 5 17 17 17 0 0
1576807993 200 6 125 0 0 58 35 34 0 0 23 0 0 19 5 17 17 17 0 0
1576897767 200 6 125 0 0 58 35 35 0 0 23 0 0 19 5 17 17 17 0 0
1576983629 201 6 125 0 0 58 35 35 0 0 23 0 0 19 5 17 17 17 0 0
1577154299 201 6 125 0 0 58 35 35 0 0 23 0 0 19 5 17 17 17 0 0
1578279694 201 6 125 0 0 58 35 35 0 0 23 0 0 19 6 17 17 17 0 0
1578294037 201 6 125 0 0 58 35 35 0 0 23 0 0 19 7 17 17 17 0 0
1578315037 201 6 125 0 0 58 35 35 0 0 23 0 0 19 7 17 17 17 0 0
1581146892 201 7 125 0 0 58 35 35 0 0 23 0 0 19 7 17 17 17 0 0
1582686286 201 7 125 0 0 58 35 35 0 0 23 0 0 19 7 17 17 17 0 0
1582768838 201 7 125 0 0 58 35 35 0 0 23 0 0 19 7 17 17 17 0 0
1582778592 201 7 125 1 0 58 35 35 0 0 23 0 0 19 7 17 17 17 0 0
1582780419 201 7 125 1 0 58 35 35 0 0 23 0 0 19 7 17 17 17 0 0
1582780566 201 7 125 1 0 58 35 35 0 0 23 0 0 19 7 17 17 17 0 0
1582790810 201 7 125 1 0 58 35 35 0 0 23 0 0 19 7 17 17 17 0 0
1582795442 201 7 125 1 0 58 35 35 0 0 23 0 0 19 7 17 17 17 0 0
1582799222 201 7 125 2 0 58 35 35 0 0 23 0 0 19 7 17 17 17 0 0
1582869592 201 7 125 2 0 58 35 35 0 0 23 0 0 19 7 17 17 17 0 0
1583036210 201 7 125 2 0 58 35 35 0 0 23 0 0 19 7 17 17 17 0 0
1583036510 201 7 125 3 0 58 35 35 0 0 23 0 0 19 7 17 17 17 0 0
1583052696 201 8 125 3 0 58 35 35 0 0 23 0 0 19 7 17 17 17 0 0
1583067581 201 9 125 3 0 58 35 35 0 0 23 0 0 19 7 17 17 17 0 0
1583114467 201 9 125 3 0 58 35 35 0 0 23 0 0 19 7 17 17 17 0 0
1583114570 201 9 125 3 0 58 35 35 0 0 23 0 0 19 7 17 17 17 0 0
1583120012 201 9 125 3 0 58 35 35 0 0 23 0 0 19 7 17 17 17 0 0
1583122179 201 9 125 3 0 58 35 35 0 0 23 0 0 19 7 17 17 17 0 0
1583136903 201 10 125 3 0 58 35 35 0 0 23 0 0 19 7 17 17 17 0 0
1583137770 201 11 125 3 0 58 35 35 0 0 23 0 0 19 7 17 17 17 0 0
1583160501 201 11 125 4 0 58 35 35 0 0 23 0 0 19 7 17 17 17 0 0
1583222803 201 11 125 5 0 58 35 35 0 0 23 0 0 19 7 17 17 17 0 0
1583236510 201 11 125 6 0 58 35 35 0 0 23 0 0 19 7 17 17 17 0 0
1583237046 201 11 125 7 0 58 35 35 0 0 23 0 0 19 7 17 17 17 0 0
1583237492 201 11 125 8 0 58 35 35 0 0 23 0 0 19 7 17 17 17 0 0
1583389766 201 11 125 9 0 58 35 35 0 0 23 0 0 19 7 17 17 17 0 0
1583390153 201 11 125 10 0 58 35 35 0 0 23 0 0 19 7 17 17 17 0 0
1583391332 201 11 125 11 0 58 35 35 0 0 23 0 0 19 7 17 17 17 0 0
1583391436 201 11 125 12 0 58 35 35 0 0 23 0 0 19 7 17 17 17 0 0
1583392939 201 11 125 13 0 58 35 35 0 0 23 0 0 19 7 17 17 17 0 0
1583393807 201 11 125 14 0 58 35 35 0 0 23 0 0 19 7 17 17 17 0 0
1583393823 201 11 125 15 0 58 35 35 0 0 23 0 0 19 7 17 17 17 0 0
1583394093 201 11 125 16 0 58 35 35 0 0 23 0 0 19 7 17 17 17 0 0
1583395071 201 11 125 17 0 58 35 35 0 0 23 0 0 19 7 17 17 17 0 0
1583412711 201 11 125 18 0 58 35 35 0 0 23 0 0 19 7 17 17 17 0 0
1583415183 201 11 125 19 0 58 35 35 0 0 23 0 0 19 7 17 17 17 0 0
1583415925 201 11 125 20 0 58 35 35 0 0 23 0 0 19 7 17 17 17 0 0
1583416219 201 11 125 21 0 58 35 35 0 0 23 0 0 19 7 17 17 17 0 0
1583419086 201 11 125 22 0 58 35 35 0 0 23 0 0 19 7 17 17 17 0 0
1583419394 201 11 125 23 0 58 35 35 0 0 23 0 0 19 7 17 17 17 0 0
1583569923 201 11 125 24 0 58 35 35 0 0 23 0 0 19 7 17 17 17 0 0
1583918046 201 11 125 24 1 58 35 35 0 0 23 0 0 19 7 17 17 17 0 0
1583934797 201 11 125 24 2 58 35 35 0 0 23 0 0 19 7 17 17 17 0 0
1583976203 201 11 125 24 3 58 35 35 0 0 23 0 0 19 7 17 17 17 0 0
1583984917 201 11 125 24 4 58 35 35 0 0 23 0 0 19 7 17 17 17 0 0
1584005806 201 11 125 24 5 58 35 35 0 0 23 0 0 19 7 17 17 17 0 0
1584013089 201 11 125 24 6 58 35 35 0 0 23 0 0 19 7 17 17 17 0 0
1584013390 201 11 125 24 7 58 35 35 0 0 23 0 0 19 7 17 17 17 0 0
1584092254 201 11 125 24 8 58 35 35 0 0 23 0 0 19 7 17 17 17 0 0
1584193407 201 11 125 24 9 58 35 35 0 0 23 0 0 19 7 17 17 17 0 0
1584280909 201 11 125 24 10 58 35 35 0 0 23 0 0 19 7 17 17 17 0 0
1584371804 201 11 125 24 11 58 35 35 0 0 23 0 0 19 7 17 17 17 0 0
1584453678 201 11 125 24 12 58 35 35 0 0 23 0 0 19 7 17 17 17 0 0
1584524208 201 12 125 24 12 58 35 35 0 0 23 0 0 19 7 17 17 17 0 0
1584524475 201 13 125 24 12 58 35 35 0 0 23 0 0 19 7 17 17 17 0 0
1584538281 201 14 125 24 12 58 35 35 0 0 23 0 0 19 7 17 17 17 0 0
1584541591 201 14 125 25 12 58 35 35 0 0 23 0 0 19 7 17 17 17 0 0
1584541709 201 15 125 25 12 58 35 35 0 0 23 0 0 19 7 17 17 17 0 0
1584588238 201 16 125 25 12 58 35 35 0 0 23 0 0 19 7 17 17 17 0 0
1584619337 201 16 125 25 13 58 35 35 0 0 23 0 0 19 7 17 17 17 0 0
1584620318 201 16 125 25 14 58 35 35 0 0 23 0 0 19 7 17 17 17 0 0
1584632829 201 17 125 25 14 58 35 35 0 0 23 0 0 19 7 17 17 17 0 0
1584632841 201 18 125 25 14 58 35 35 0 0 23 0 0 19 7 17 17 17 0 0
1584679028 201 19 125 25 14 58 35 35 0 0 23 0 0 19 7 17 17 17 0 0
1584684667 201 20 125 25 14 58 35 35 0 0 23 0 0 19 7 17 17 17 0 0
1584701320 201 21 125 25 14 58 35 35 0 0 23 0 0 19 7 17 17 17 0 0
1584711747 201 22 125 25 14 58 35 35 0 0 23 0 0 19 7 17 17 17 0 0
1584714797 201 23 125 25 14 58 35 35 0 0 23 0 0 19 7 17 17 17 0 0
1584715057 201 24 125 25 14 58 35 35 0 0 23 0 0 19 7 17 17 17 0 0
1584770514 201 25 125 25 14 58 35 35 0 0 23 0 0 19 7 17 17 17 0 0
1584773218 201 26 125 25 14 58 35 35 0 0 23 0 0 19 7 17 17 17 0 0
1584773658 201 27 125 25 14 58 35 35 0 0 23 0 0 19 7 17 17 17 0 0
1584802395 201 27 125 25 15 58 35 35 0 0 23 0 0 19 7 17 17 17 0 0
1584894843 201 27 125 25 16 58 35 35 0 0 23 0 0 19 7 17 17 17 0 0
1584966219 201 28 125 25 16 58 35 35 0 0 23 0 0 19 7 17 17 17 0 0
1584966608 201 29 125 25 16 58 35 35 0 0 23 0 0 19 7 17 17 17 0 0
1584973713 201 30 125 25 16 58 35 35 0 0 23 0 0 19 7 17 17 17 0 0
1584975904 201 31 125 25 16 58 35 35 0 0 23 0 0 19 7 17 17 17 0 0
1584978582 201 31 125 25 17 58 35 35 0 0 23 0 0 19 7 17 17 17 0 0
1585022272 201 32 125 25 17 58 35 35 0 0 23 0 0 19 7 17 17 17 0 0
1585022285 201 33 125 25 17 58 35 35 0 0 23 0 0 19 7 17 17 17 0 0
1585035857 201 33 125 26 17 58 35 35 0 0 23 0 0 19 7 17 17 17 0 0
1585035923 201 33 125 27 17 58 35 35 0 0 23 0 0 19 7 17 17 17 0 0
1585120998 201 34 125 27 17 58 35 35 0 0 23 0 0 19 7 17 17 17 0 0
1585121009 201 35 125 27 17 58 35 35 0 0 23 0 0 19 7 17 17 17 0 0
1585134621 201 36 125 27 17 58 35 35 0 0 23 0 0 19 7 17 17 17 0 0
1585136550 201 37 125 27 17 58 35 35 0 0 23 0 0 19 7 17 17 17 0 0
1585209601 201 38 125 27 17 58 35 35 0 0 23 0 0 19 7 17 17 17 0 0
1585232942 201 38 125 27 18 58 35 35 0 0 23 0 0 19 7 17 17 17 0 0
1585237136 201 38 125 27 19 58 35 35 0 0 23 0 0 19 7 17 17 17 0 0
1585298994 201 38 125 27 20 58 35 35 0 0 23 0 0 19 7 17 17 17 0 0
1585314614 201 39 125 27 20 58 35 35 0 0 23 0 0 19 7 17 17 17 0 0
1585314635 201 40 125 27 20 58 35 35 0 0 23 0 0 19 7 17 17 17 0 0
1585323851 201 40 125 27 21 58 35 35 0 0 23 0 0 19 7 17 17 17 0 0
1585323867 201 40 125 27 22 58 35 35 0 0 23 0 0 19 7 17 17 17 0 0
1585364380 201 40 125 27 23 58 35 35 0 0 23 0 0 19 7 17 17 17 0 0
1585379766 201 40 125 27 24 58 35 35 0 0 23 0 0 19 7 17 17 17 0 0
1585387976 201 40 125 27 25 58 35 35 0 0 23 0 0 19 7 17 17 17 0 0
1585463686 201 41 125 27 25 58 35 35 0 0 23 0 0 19 7 17 17 17 0 0
1585463702 201 42 125 27 25 58 35 35 0 0 23 0 0 19 7 17 17 17 0 0
1585466707 201 43 125 27 25 58 35 35 0 0 23 0 0 19 7 17 17 17 0 0
1585483595 201 43 125 27 26 58 35 35 0 0 23 0 0 19 7 17 17 17 0 0
1585483602 201 43 125 27 27 58 35 35 0 0 23 0 0 19 7 17 17 17 0 0
1585484027 201 43 125 27 28 58 35 35 0 0 23 0 0 19 7 17 17 17 0 0
1585493426 201 44 125 27 28 58 35 35 0 0 23 0 0 19 7 17 17 17 0 0
1585493438 201 45 125 27 28 58 35 35 0 0 23 0 0 19 7 17 17 17 0 0
1585546220 201 46 125 27 28 58 35 35 0 0 23 0 0 19 7 17 17 17 0 0
1585551946 201 46 125 28 28 58 35 35 0 0 23 0 0 19 7 17 17 17 0 0
1585552797 201 47 125 28 28 58 35 35 0 0 23 0 0 19 7 17 17 17 0 0
1585556707 201 47 125 28 29 58 35 35 0 0 23 0 0 19 7 17 17 17 0 0
1585556768 201 47 125 28 30 58 35 35 0 0 23 0 0 19 7 17 17 17 0 0
1585556833 201 47 125 28 31 58 35 35 0 0 23 0 0 19 7 17 17 17 0 0
1585557656 201 48 125 28 31 58 35 35 0 0 23 0 0 19 7 17 17 17 0 0
1585557667 201 49 125 28 31 58 35 35 0 0 23 0 0 19 7 17 17 17 0 0
1585572863 201 50 125 28 31 58 35 35 0 0 23 0 0 19 7 17 17 17 0 0
1585573038 201 51 125 28 31 58 35 35 0 0 23 0 0 19 7 17 17 17 0 0
1585576254 201 51 125 29 31 58 35 35 0 0 23 0 0 19 7 17 17 17 0 0
1585579948 201 51 125 30 31 58 35 35 0 0 23 0 0 19 7 17 17 17 0 0
1585620804 201 51 125 30 32 58 35 35 0 0 23 0 0 19 7 17 17 17 0 0
1585667623 201 52 125 30 32 58 35 35 0 0 23 0 0 19 7 17 17 17 0 0
1585667635 201 53 125 30 32 58 35 35 0 0 23 0 0 19 7 17 17 17 0 0
1585708313 201 54 125 30 32 58 35 35 0 0 23 0 0 19 7 17 17 17 0 0
1585755636 201 54 125 30 33 58 35 35 0 0 23 0 0 19 7 17 17 17 0 0
1585755661 201 54 125 30 34 58 35 35 0 0 23 0 0 19 7 17 17 17 0 0
1585794053 201 54 125 30 35 58 35 35 0 0 23 0 0 19 7 17 17 17 0 0
1585832064 201 54 125 31 35 58 35 35 0 0 23 0 0 19 7 17 17 17 0 0
1586270959 201 54 125 31 36 58 35 35 0 0 23 0 0 19 7 17 17 17 0 0
1586270978 201 54 125 31 37 58 35 35 0 0 23 0 0 19 7 17 17 17 0 0
1586400415 201 54 125 31 38 58 35 35 0 0 23 0 0 19 7 17 17 17 0 0
1586490621 201 54 125 31 39 58 35 35 0 0 23 0 0 19 7 17 17 17 0 0
1586525460 201 55 125 31 39 58 35 35 0 0 23 0 0 19 7 17 17 17 0 0
1586525645 201 56 125 31 39 58 35 35 0 0 23 0 0 19 7 17 17 17 0 0
1586610357 201 56 125 31 39 58 36 35 0 0 23 0 0 19 7 17 17 17 0 0
1586613305 201 56 125 31 39 58 36 35 0 0 23 0 0 19 7 17 17 17 0 0
1586666419 201 56 125 31 39 58 36 35 1 0 23 0 0 19 7 17 17 17 0 0
1586692575 201 57 125 31 39 58 36 35 1 0 23 0 0 19 7 17 17 17 0 0
1586692964 201 57 125 31 39 58 36 35 2 0 23 0 0 19 7 17 17 17 0 0
1586693588 201 58 125 31 39 58 36 35 2 0 23 0 0 19 7 17 17 17 0 0
1586700971 201 59 125 31 39 58 36 35 2 0 23 0 0 19 7 17 17 17 0 0
1586764823 201 59 125 31 39 58 36 35 3 0 23 0 0 19 7 17 17 17 0 0
1586770279 201 60 125 31 39 58 36 35 3 0 23 0 0 19 7 17 17 17 0 0
1586772716 201 60 125 31 39 58 36 35 4 0 23 0 0 19 7 17 17 17 0 0
1586776602 201 60 125 31 39 58 36 35 5 0 23 0 0 19 7 17 17 17 0 0
1586790063 201 60 125 31 39 58 36 35 6 0 23 0 0 19 7 17 17 17 0 0
1586872394 201 61 125 31 39 58 36 35 6 0 23 0 0 19 7 17 17 17 0 0
1586915530 201 61 125 31 39 58 36 35 7 0 23 0 0 19 7 17 17 17 0 0
1586925615 201 61 125 31 39 58 36 35 8 0 23 0 0 19 7 17 17 17 0 0
1586938230 201 61 125 31 39 58 36 35 8 0 23 1 0 19 7 17 17 17 0 0
1586964998 201 61 125 32 39 58 36 35 8 0 23 1 0 19 7 17 17 17 0 0
1586966561 201 61 125 32 39 58 36 35 8 0 23 1 0 19 7 17 17 17 1 0
1587005099 201 61 125 32 39 58 36 35 8 0 23 2 0 19 7 17 17 17 1 0
1587005214 201 61 125 32 39 58 36 35 8 0 23 3 0 19 7 17 17 17 1 0
1587027217 201 62 125 32 39 58 36 35 8 0 23 3 0 19 7 17 17 17 1 0
1587029131 201 62 125 32 39 58 36 35 8 0 23 4 0 19 7 17 17 17 1 0
1587029890 201 62 125 32 39 58 36 35 8 0 23 5 0 19 7 17 17 17 1 0
1587036054 201 62 125 32 39 58 36 35 8 0 23 6 0 19 7 17 17 17 1 0
1587036671 201 63 125 32 39 58 36 35 8 0 23 6 0 19 7 17 17 17 1 0
1587037312 201 64 125 32 39 58 36 35 8 0 23 6 0 19 7 17 17 17 1 0
1587038455 201 64 125 32 39 58 36 35 8 0 23 7 0 19 7 17 17 17 1 0
1587042607 201 64 125 32 39 58 36 35 8 0 23 8 0 19 7 17 17 17 1 0
1587048583 201 65 125 32 39 58 36 35 8 0 23 8 0 19 7 17 17 17 1 0
1587092379 201 66 125 32 39 58 36 35 8 0 23 8 0 19 7 17 17 17 1 0
1587093568 201 67 125 32 39 58 36 35 8 0 23 8 0 19 7 17 17 17 1 0
1587176390 201 67 125 32 39 58 36 35 9 0 23 8 0 19 7 17 17 17 1 0
1587196913 201 67 125 33 39 58 36 35 9 0 23 8 0 19 7 17 17 17 1 0
1587309227 201 67 125 33 39 58 36 35 9 0 23 8 1 19 7 17 17 17 1 0
1587309521 201 67 125 33 40 58 36 35 9 0 23 8 1 19 7 17 17 17 1 0
1587309537 201 67 125 33 41 58 36 35 9 0 23 8 1 19 7 17 17 17 1 0
1587357448 201 67 125 33 41 58 36 35 10 0 23 8 1 19 7 17 17 17 1 0
1587357556 201 67 125 33 41 58 36 35 11 0 23 8 1 19 7 17 17 17 1 0
1587367863 201 67 125 33 41 58 36 35 12 0 23 8 1 19 7 17 17 17 1 0
1587369176 201 67 125 33 41 58 36 35 12 0 23 8 2 19 7 17 17 17 1 0
1587395357 201 67 125 33 41 58 36 35 12 0 23 8 3 19 7 17 17 17 1 0
1587453656 201 67 125 33 41 58 36 35 12 0 23 8 4 19 7 17 17 17 1 0
1587463137 201 67 125 33 41 58 36 35 12 0 23 8 4 19 7 17 17 17 2 0
1587472430 201 67 125 33 42 58 36 35 12 0 23 8 4 19 7 17 17 17 2 0
1587472490 201 67 125 33 43 58 36 35 12 0 23 8 4 19 7 17 17 17 2 0
1587484199 201 67 125 33 44 58 36 35 12 0 23 8 4 19 7 17 17 17 2 0
1587547313 201 67 125 33 44 58 36 35 12 0 23 8 4 19 7 17 17 17 3 0
1587549933 201 67 125 33 44 58 36 35 12 0 23 8 5 19 7 17 17 17 3 0
1587551445 201 67 125 33 44 58 36 35 12 0 23 8 6 19 7 17 17 17 3 0
1587607942 201 67 125 33 44 58 36 35 12 0 23 8 7 19 7 17 17 17 3 0
1587633407 201 67 125 33 44 58 36 35 12 0 23 8 8 19 7 17 17 17 3 0
1587647273 201 67 125 33 44 58 36 35 12 0 23 9 8 19 7 17 17 17 3 0
1587716051 201 67 125 33 44 58 36 35 12 0 23 9 8 19 7 17 17 17 4 0
1587802876 201 67 125 34 44 58 36 35 12 0 23 9 8 19 7 17 17 17 4 0
1587806340 201 67 125 34 45 58 36 35 12 0 23 9 8 19 7 17 17 17 4 0
1587806758 201 67 125 34 46 58 36 35 12 0 23 9 8 19 7 17 17 17 4 0
1587827340 201 67 125 34 47 58 36 35 12 0 23 9 8 19 7 17 17 17 4 0
1587828450 201 67 125 34 48 58 36 35 12 0 23 9 8 19 7 17 17 17 4 0
1587829458 201 67 125 34 49 58 36 35 12 0 23 9 8 19 7 17 17 17 4 0
1587893582 201 68 125 34 49 58 36 35 12 0 23 9 8 19 7 17 17 17 4 0
1587899835 201 68 125 35 49 58 36 35 12 0 23 9 8 19 7 17 17 17 4 0
1587899851 201 68 125 36 49 58 36 35 12 0 23 9 8 19 7 17 17 17 4 0
1587913084 201 69 125 36 49 58 36 35 12 0 23 9 8 19 7 17 17 17 4 0
1587966423 201 70 125 36 49 58 36 35 12 0 23 9 8 19 7 17 17 17 4 0
1587993963 201 71 125 36 49 58 36 35 12 0 23 9 8 19 7 17 17 17 4 0
1588043925 201 71 125 36 49 58 36 35 12 0 23 10 8 19 7 17 17 17 4 0
1588047536 201 72 125 36 49 58 36 35 12 0 23 10 8 19 7 17 17 17 4 0
1588048371 201 72 125 36 49 58 36 35 13 0 23 10 8 19 7 17 17 17 4 0
1588055661 201 72 125 36 49 58 36 35 13 0 23 11 8 19 7 17 17 17 4 0
1588076313 201 72 125 36 50 58 36 35 13 0 23 11 8 19 7 17 17 17 4 0
1588076343 201 72 125 36 51 58 36 35 13 0 23 11 8 19 7 17 17 17 4 0
1588079703 201 73 125 36 51 58 36 35 13 0 23 11 8 19 7 17 17 17 4 0
1588079731 201 74 125 36 51 58 36 35 13 0 23 11 8 19 7 17 17 17 4 0
1588223122 201 75 125 36 51 58 36 35 13 0 23 11 8 19 7 17 17 17 4 0
1588233945 201 75 125 36 51 58 36 35 13 0 23 11 9 19 7 17 17 17 4 0
1588251528 201 75 125 37 51 58 36 35 13 0 23 11 9 19 7 17 17 17 4 0
1588257717 201 75 126 37 51 58 36 35 13 0 23 11 9 19 7 17 17 17 4 0
1588257759 201 75 127 37 51 58 36 35 13 0 23 11 9 19 7 17 17 17 4 0
1588258176 201 76 127 37 51 58 36 35 13 0 23 11 9 19 7 17 17 17 4 0
1588258186 201 77 127 37 51 58 36 35 13 0 23 11 9 19 7 17 17 17 4 0
1588299769 201 77 128 37 51 58 36 35 13 0 23 11 9 19 7 17 17 17 4 0
1588299820 201 77 129 37 51 58 36 35 13 0 23 11 9 19 7 17 17 17 4 0
1588300125 201 77 130 37 51 58 36 35 13 0 23 11 9 19 7 17 17 17 4 0
1588305525 201 78 130 37 51 58 36 35 13 0 23 11 9 19 7 17 17 17 4 0
1588310199 201 78 130 37 51 58 36 35 13 0 23 12 9 19 7 17 17 17 4 0
1588324160 201 79 130 37 51 58 36 35 13 0 23 12 9 19 7 17 17 17 4 0
1588325413 201 79 130 37 51 58 36 35 13 0 23 13 9 19 7 17 17 17 4 0
1588326855 201 80 130 37 51 58 36 35 13 0 23 13 9 19 7 17 17 17 4 0
1588594818 201 80 130 37 51 58 36 35 13 0 23 14 9 19 7 17 17 17 4 0
1588599576 201 81 130 37 51 58 36 35 13 0 23 14 9 19 7 17 17 17 4 0
1588650153 201 81 130 37 51 58 36 35 14 0 23 14 9 19 7 17 17 17 4 0
1588674106 201 81 130 37 51 58 36 35 14 0 23 14 10 19 7 17 17 17 4 0
1588692402 201 82 130 37 51 58 36 35 14 0 23 14 10 19 7 17 17 17 4 0
1588694502 201 82 130 37 52 58 36 35 14 0 23 14 10 19 7 17 17 17 4 0
1588694556 201 82 130 37 53 58 36 35 14 0 23 14 10 19 7 17 17 17 4 0
1588694643 201 82 130 37 54 58 36 35 14 0 23 14 10 19 7 17 17 17 4 0
1588743134 201 83 130 37 54 58 36 35 14 0 23 14 10 19 7 17 17 17 4 0
1588743143 201 84 130 37 54 58 36 35 14 0 23 14 10 19 7 17 17 17 4 0
1588755858 201 85 130 37 54 58 36 35 14 0 23 14 10 19 7 17 17 17 4 0
1588762279 201 86 130 37 54 58 36 35 14 0 23 14 10 19 7 17 17 17 4 0
1588772470 201 87 130 37 54 58 36 35 14 0 23 14 10 19 7 17 17 17 4 0
1588778481 201 88 130 37 54 58 36 35 14 0 23 14 10 19 7 17 17 17 4 0
1588825476 201 89 130 37 54 58 36 35 14 0 23 14 10 19 7 17 17 17 4 0
1588825796 201 90 130 37 54 58 36 35 14 0 23 14 10 19 7 17 17 17 4 0
1588826237 201 91 130 37 54 58 36 35 14 0 23 14 10 19 7 17 17 17 4 0
1588832161 201 91 130 37 54 58 36 35 15 0 23 14 10 19 7 17 17 17 4 0
1588859312 201 91 130 37 55 58 36 35 15 0 23 14 10 19 7 17 17 17 4 0
1588861175 201 91 130 37 55 58 36 35 15 0 23 15 10 19 7 17 17 17 4 0
1588861845 201 91 130 37 55 58 36 35 15 0 23 15 11 19 7 17 17 17 4 0
1588908073 201 91 130 37 55 58 36 35 15 0 23 15 12 19 7 17 17 17 4 0
1588924215 201 91 130 37 55 58 36 35 15 0 23 15 13 19 7 17 17 17 4 0
1588946525 201 91 130 37 56 58 36 35 15 0 23 15 13 19 7 17 17 17 4 0
1588946605 201 91 130 37 57 58 36 35 15 0 23 15 13 19 7 17 17 17 4 0
1588949978 201 92 130 37 57 58 36 35 15 0 23 15 13 19 7 17 17 17 4 0
1588950238 201 92 130 37 58 58 36 35 15 0 23 15 13 19 7 17 17 17 4 0
1588954368 201 92 130 37 59 58 36 35 15 0 23 15 13 19 7 17 17 17 4 0
1588989695 201 92 130 38 59 58 36 35 15 0 23 15 13 19 7 17 17 17 4 0
1588991983 201 93 130 38 59 58 36 35 15 0 23 15 13 19 7 17 17 17 4 0
1588992346 201 93 130 39 59 58 36 35 15 0 23 15 13 19 7 17 17 17 4 0
1588992359 201 93 130 40 59 58 36 35 15 0 23 15 13 19 7 17 17 17 4 0
1588992971 201 93 130 41 59 58 36 35 15 0 23 15 13 19 7 17 17 17 4 0
1588993547 201 93 130 41 60 58 36 35 15 0 23 15 13 19 7 17 17 17 4 0
1588995062 201 94 130 41 60 58 36 35 15 0 23 15 13 19 7 17 17 17 4 0
1589031497 201 95 130 41 60 58 36 35 15 0 23 15 13 19 7 17 17 17 4 0
1589034201 201 95 130 41 60 58 36 35 15 0 23 15 14 19 7 17 17 17 4 0
1589079001 201 95 130 41 60 58 36 35 15 0 23 15 15 19 7 17 17 17 4 0
1589080045 201 95 130 41 61 58 36 35 15 0 23 15 15 19 7 17 17 17 4 0
1589080090 201 95 130 41 62 58 36 35 15 0 23 15 15 19 7 17 17 17 4 0
1589097119 201 96 130 41 62 58 36 35 15 0 23 15 15 19 7 17 17 17 4 0
1589187077 201 96 130 41 62 58 36 35 15 0 23 15 16 19 7 17 17 17 4 0
1589292706 201 97 130 41 62 58 36 35 15 0 23 15 16 19 7 17 17 17 4 0
1589434684 201 97 130 41 63 58 36 35 15 0 23 15 16 19 7 17 17 17 4 0
1589435303 201 97 130 41 64 58 36 35 15 0 23 15 16 19 7 17 17 17 4 0
1589609192 201 97 130 42 64 58 36 35 15 0 23 15 16 19 7 17 17 17 4 0
1589613253 201 97 130 42 65 58 36 35 15 0 23 15 16 19 7 17 17 17 4 0
1589775252 201 97 130 42 65 58 37 35 15 0 23 15 16 19 7 17 17 17 4 0
1589967096 202 97 130 42 65 58 37 35 15 0 23 15 16 19 7 17 17 17 4 0
1590062867 203 97 130 42 65 58 37 35 15 0 23 15 16 19 7 17 17 17 4 0
1590066802 203 98 130 42 65 58 37 35 15 0 23 15 16 19 7 17 17 17 4 0
1590068586 204 98 130 42 65 58 37 35 15 0 23 15 16 19 7 17 17 17 4 0
1590076077 204 98 130 43 65 58 37 35 15 0 23 15 16 19 7 17 17 17 4 0
1590076110 204 98 130 44 65 58 37 35 15 0 23 15 16 19 7 17 17 17 4 0
1590077008 204 98 130 45 65 58 37 35 15 0 23 15 16 19 7 17 17 17 4 0
1590085877 204 98 130 45 65 58 38 35 15 0 23 15 16 19 7 17 17 17 4 0
1590110535 204 98 130 45 65 58 39 35 15 0 23 15 16 19 7 17 17 17 4 0
1590119621 204 98 130 45 65 58 40 35 15 0 23 15 16 19 7 17 17 17 4 0
1590162803 204 98 130 45 65 58 41 35 15 0 23 15 16 19 7 17 17 17 4 0
1590163386 204 98 130 46 65 58 41 35 15 0 23 15 16 19 7 17 17 17 4 0
1590163402 204 98 130 47 65 58 41 35 15 0 23 15 16 19 7 17 17 17 4 0
1590219908 204 98 130 48 65 58 41 35 15 0 23 15 16 19 7 17 17 17 4 0
1590238752 204 99 130 48 65 58 41 35 15 0 23 15 16 19 7 17 17 17 4 0
1590239587 204 100 130 48 65 58 41 35 15 0 23 15 16 19 7 17 17 17 4 0
1590304388 205 100 130 48 65 58 41 35 15 0 23 15 16 19 7 17 17 17 4 0
1590304416 206 100 130 48 65 58 41 35 15 0 23 15 16 19 7 17 17 17 4 0
1590315399 206 100 130 49 65 58 41 35 15 0 23 15 16 19 7 17 17 17 4 0
1590332287 206 100 130 49 65 58 42 35 15 0 23 15 16 19 7 17 17 17 4 0
1590335767 206 100 130 49 65 58 42 35 15 0 23 15 16 19 7 17 17 17 5 0
1590343244 206 100 130 49 65 58 43 35 15 0 23 15 16 19 7 17 17 17 5 0
1590343279 206 100 130 49 65 58 44 35 15 0 23 15 16 19 7 17 17 17 5 0
1590376675 206 101 130 49 65 58 44 35 15 0 23 15 16 19 7 17 17 17 5 0
1590378997 207 101 130 49 65 58 44 35 15 0 23 15 16 19 7 17 17 17 5 0
1590379700 207 102 130 49 65 58 44 35 15 0 23 15 16 19 7 17 17 17 5 0
1590380732 208 102 130 49 65 58 44 35 15 0 23 15 16 19 7 17 17 17 5 0
1590480366 208 103 130 49 65 58 44 35 15 0 23 15 16 19 7 17 17 17 5 0
1590501727 208 103 130 49 66 58 44 35 15 0 23 15 16 19 7 17 17 17 5 0
1590502287 208 104 130 49 66 58 44 35 15 0 23 15 16 19 7 17 17 17 5 0
1590502294 208 105 130 49 66 58 44 35 15 0 23 15 16 19 7 17 17 17 5 0
1590503353 208 106 130 49 66 58 44 35 15 0 23 15 16 19 7 17 17 17 5 0
1590507527 208 106 130 49 66 58 44 35 15 0 23 15 16 19 7 17 17 17 6 0
1590571320 208 107 130 49 66 58 44 35 15 0 23 15 16 19 7 17 17 17 6 0
1590571333 208 108 130 49 66 58 44 35 15 0 23 15 16 19 7 17 17 17 6 0
1590630763 208 108 130 49 66 58 44 35 15 0 23 16 16 19 7 17 17 17 6 0
1590676687 208 108 130 50 66 58 44 35 15 0 23 16 16 19 7 17 17 17 6 0
1590742710 209 108 130 50 66 58 44 35 15 0 23 16 16 19 7 17 17 17 6 0
1590743117 210 108 130 50 66 58 44 35 15 0 23 16 16 19 7 17 17 17 6 0
1590820240 211 108 130 50 66 58 44 35 15 0 23 16 16 19 7 17 17 17 6 0
1590849318 211 109 130 50 66 58 44 35 15 0 23 16 16 19 7 17 17 17 6 0
1590849332 211 110 130 50 66 58 44 35 15 0 23 16 16 19 7 17 17 17 6 0
1590890748 212 110 130 50 66 58 44 35 15 0 23 16 16 19 7 17 17 17 6 0
1590890760 213 110 130 50 66 58 44 35 15 0 23 16 16 19 7 17 17 17 6 0
1590892321 214 110 130 50 66 58 44 35 15 0 23 16 16 19 7 17 17 17 6 0
1590894010 214 111 130 50 66 58 44 35 15 0 23 16 16 19 7 17 17 17 6 0
1590904749 215 111 130 50 66 58 44 35 15 0 23 16 16 19 7 17 17 17 6 0
1590904766 216 111 130 50 66 58 44 35 15 0 23 16 16 19 7 17 17 17 6 0
1590912276 216 112 130 50 66 58 44 35 15 0 23 16 16 19 7 17 17 17 6 0
1590912406 216 113 130 50 66 58 44 35 15 0 23 16 16 19 7 17 17 17 6 0
1590914278 216 113 130 50 66 58 44 35 15 0 23 17 16 19 7 17 17 17 6 0
1590937042 217 113 130 50 66 58 44 35 15 0 23 17 16 19 7 17 17 17 6 0
1590937061 218 113 130 50 66 58 44 35 15 0 23 17 16 19 7 17 17 17 6 0
1590978471 218 113 130 50 66 58 44 35 15 0 23 18 16 19 7 17 17 17 6 0
1590993719 218 114 130 50 66 58 44 35 15 0 23 18 16 19 7 17 17 17 6 0
1591003836 218 115 130 50 66 58 44 35 15 0 23 18 16 19 7 17 17 17 6 0
1591019084 218 116 130 50 66 58 44 35 15 0 23 18 16 19 7 17 17 17 6 0
1591020939 218 117 130 50 66 58 44 35 15 0 23 18 16 19 7 17 17 17 6 0
1591021770 218 118 130 50 66 58 44 35 15 0 23 18 16 19 7 17 17 17 6 0
1591023797 218 118 130 50 66 58 44 35 15 0 23 18 16 19 7 17 17 17 6 0
1591074326 218 119 130 50 66 58 44 35 15 0 23 18 16 19 7 17 17 17 6 0
1591085165 218 120 130 50 66 58 44 35 15 0 23 18 16 19 7 17 17 17 6 0
1591085840 218 120 130 51 66 58 44 35 15 0 23 18 16 19 7 17 17 17 6 0
1591089316 218 120 130 51 66 58 44 35 15 0 23 18 16 19 7 17 17 17 6 0
1591089327 218 120 130 51 66 58 44 35 15 0 23 18 16 19 7 17 17 17 6 0
1591091018 218 120 130 51 67 58 44 35 15 0 23 18 16 19 7 17 17 17 6 0
1591091028 218 120 130 51 68 58 44 35 15 0 23 18 16 19 7 17 17 17 6 0
1591102489 218 120 130 51 68 58 44 35 15 0 23 19 16 19 7 17 17 17 6 0
1591148393 218 120 130 51 68 58 44 35 15 0 23 20 16 19 7 17 17 17 6 0
1591192349 218 121 130 51 68 58 44 35 15 0 23 20 16 19 7 17 17 17 6 0
1591269207 218 122 130 51 68 58 44 35 15 0 23 20 16 19 7 17 17 17 6 0
1591277552 218 123 130 51 68 58 44 35 15 0 23 20 16 19 7 17 17 17 6 0
1591279435 218 124 130 51 68 58 44 35 15 0 23 20 16 19 7 17 17 17 6 0
1591327537 218 124 130 51 69 58 44 35 15 0 23 20 16 19 7 17 17 17 6 0
1591343816 218 124 130 52 69 58 44 35 15 0 23 20 16 19 7 17 17 17 6 0
1591349060 218 124 130 53 69 58 44 35 15 0 23 20 16 19 7 17 17 17 6 0
1591351574 218 124 130 53 69 58 44 35 16 0 23 20 16 19 7 17 17 17 6 0
1591622075 219 124 130 53 69 58 44 35 16 0 23 20 16 19 7 17 17 17 6 0
1591622086 220 124 130 53 69 58 44 35 16 0 23 20 16 19 7 17 17 17 6 0
1591663273 220 124 130 53 69 58 44 35 16 0 23 21 16 19 7 17 17 17 6 0
1591666951 220 124 130 53 69 58 44 35 16 0 23 21 16 19 7 17 17 17 6 0
1591666961 220 124 130 53 69 58 44 35 16 0 23 21 16 19 7 17 17 17 6 0
1591668182 220 124 130 53 69 58 44 35 16 0 23 21 16 19 7 17 17 17 6 0
1591709526 220 125 130 53 69 58 44 35 16 0 23 21 16 19 7 17 17 17 6 0
1591793608 220 126 130 53 69 58 44 35 16 0 23 21 16 19 7 17 17 17 6 0
1591886795 221 126 130 53 69 58 44 35 16 0 23 21 16 19 7 17 17 17 6 0
1591939911 222 126 130 53 69 58 44 35 16 0 23 21 16 19 7 17 17 17 6 0
1591943376 222 127 130 53 69 58 44 35 16 0 23 21 16 19 7 17 17 17 6 0
1591949439 222 128 130 53 69 58 44 35 16 0 23 21 16 19 7 17 17 17 6 0
1591952302 223 128 130 53 69 58 44 35 16 0 23 21 16 19 7 17 17 17 6 0
1591963781 224 128 130 53 69 58 44 35 16 0 23 21 16 19 7 17 17 17 6 0
1591965556 224 128 130 53 69 58 44 35 16 0 23 21 16 19 7 17 17 17 7 0
1591970212 225 128 130 53 69 58 44 35 16 0 23 21 16 19 7 17 17 17 7 0
1591970224 226 128 130 53 69 58 44 35 16 0 23 21 16 19 7 17 17 17 7 0
1592057387 227 128 130 53 69 58 44 35 16 0 23 21 16 19 7 17 17 17 7 0
1592120465 227 128 130 53 70 58 44 35 16 0 23 21 16 19 7 17 17 17 7 0
1592124872 227 128 130 53 71 58 44 35 16 0 23 21 16 19 7 17 17 17 7 0
1592125389 227 128 130 53 72 58 44 35 16 0 23 21 16 19 7 17 17 17 7 0
1592131455 227 128 130 53 73 58 44 35 16 0 23 21 16 19 7 17 17 17 7 0
1592132836 227 128 130 53 74 58 44 35 16 0 23 21 16 19 7 17 17 17 7 0
1592208976 228 128 130 53 74 58 44 35 16 0 23 21 16 19 7 17 17 17 7 0
1592209000 229 128 130 53 74 58 44 35 16 0 23 21 16 19 7 17 17 17 7 0
1592209471 230 128 130 53 74 58 44 35 16 0 23 21 16 19 7 17 17 17 7 0
1592217210 230 128 130 53 75 58 44 35 16 0 23 21 16 19 7 17 17 17 7 0
1592223977 230 128 130 53 75 58 44 35 17 0 23 21 16 19 7 17 17 17 7 0
1592223987 230 128 130 53 75 58 44 35 18 0 23 21 16 19 7 17 17 17 7 0
1592224402 230 128 130 53 75 58 44 35 19 0 23 21 16 19 7 17 17 17 7 0
1592229534 230 128 130 54 75 58 44 35 19 0 23 21 16 19 7 17 17 17 7 0
1592233285 230 128 130 54 75 58 44 35 19 0 23 21 16 19 7 17 17 17 8 0
1592233821 230 128 130 55 75 58 44 35 19 0 23 21 16 19 7 17 17 17 8 0
1592234235 230 128 130 55 75 58 44 35 19 0 23 21 16 19 7 17 17 17 9 0
1592238692 230 128 130 56 75 58 44 35 19 0 23 21 16 19 7 17 17 17 9 0
1592238705 230 128 130 57 75 58 44 35 19 0 23 21 16 19 7 17 17 17 9 0
1592276110 230 128 130 58 76 58 44 35 19 0 23 21 16 19 7 17 17 17 9 0
1592286575 230 128 130 58 77 58 44 35 19 0 23 21 16 19 7 17 17 17 9 0
1592289243 230 128 130 58 77 58 44 35 20 0 23 21 16 19 7 17 17 17 9 0
1592289342 230 128 130 58 77 58 44 35 21 0 23 21 16 19 7 17 17 17 9 0
1592290739 230 128 130 58 77 58 44 35 22 0 23 21 16 19 7 17 17 17 9 0
1592294936 230 129 130 58 77 58 44 35 22 0 23 21 16 19 7 17 17 17 9 0
1592294948 230 130 130 58 77 58 44 35 22 0 23 21 16 19 7 17 17 17 9 0
1592306076 231 130 130 58 77 58 44 35 22 0 23 21 16 19 7 17 17 17 9 0
1592306369 231 130 130 59 77 58 44 35 22 0 23 21 16 19 7 17 17 17 9 0
1592315847 231 130 130 60 77 58 44 35 22 0 23 21 16 19 7 17 17 17 9 0
1592318397 231 130 130 60 77 58 44 35 23 0 23 21 16 19 7 17 17 17 9 0
1592318407 231 130 130 60 77 58 44 35 24 0 23 21 16 19 7 17 17 17 9 0
1592363566 231 130 130 60 77 58 44 35 24 0 23 21 16 19 7 17 17 17 10 0
1592365901 231 130 130 60 77 58 44 35 25 0 23 21 16 19 7 17 17 17 10 0
1592365910 231 130 130 60 77 58 44 35 26 0 23 21 16 19 7 17 17 17 10 0
1592381471 231 130 130 61 77 58 44 35 26 0 23 21 16 19 7 17 17 17 10 0
1592381540 231 130 130 62 77 58 44 35 26 0 23 21 16 19 7 17 17 17 10 0
1592382752 231 130 130 63 77 58 44 35 26 0 23 21 16 19 7 17 17 17 10 0
1592384420 231 130 130 64 77 58 44 35 26 0 23 21 16 19 7 17 17 17 10 0
1592405935 231 130 130 65 77 58 44 35 26 0 23 21 16 19 7 17 17 17 10 0
1592408393 231 130 130 65 78 58 44 35 26 0 23 21 16 19 7 17 17 17 10 0
1592465211 232 130 130 65 78 58 44 35 26 0 23 21 16 19 7 17 17 17 10 0
1592489198 233 130 130 65 78 58 44 35 26 0 23 21 16 19 7 17 17 17 10 0
1592489598 233 130 130 65 78 58 44 35 26 0 23 21 16 19 7 17 17 17 11 0
1592489651 233 130 130 65 78 58 44 35 26 0 23 21 16 19 7 17 17 17 12 0
1592489686 233 130 130 65 78 58 44 35 26 0 23 21 16 19 7 17 17 17 13 0
1592490480 233 130 130 66 78 58 44 35 26 0 23 21 16 19 7 17 17 17 13 0
1592490781 233 130 130 67 78 58 44 35 26 0 23 21 16 19 7 17 17 17 13 0
1592534427 233 130 130 67 78 58 44 35 27 0 23 21 16 19 7 17 17 17 13 0
1592576751 234 130 130 67 78 58 44 35 27 0 23 21 16 19 7 17 17 17 13 0
1592576778 235 130 130 67 78 58 44 35 27 0 23 21 16 19 7 17 17 17 13 0
1592875364 235 130 130 67 78 58 44 35 27 0 23 21 16 19 7 17 17 17 13 0
1592875377 235 130 130 67 78 58 44 35 27 0 23 21 16 19 7 17 17 17 13 0
1592880394 235 130 130 67 78 58 44 35 27 0 23 21 16 19 7 17 17 17 13 0
1593004092 235 130 130 67 78 58 44 35 27 0 23 21 16 19 7 17 17 17 13 0
1593098688 235 130 130 67 79 58 44 35 27 0 23 21 16 19 7 17 17 17 13 0
1593148020 235 130 130 67 80 58 44 35 27 0 23 21 16 19 7 17 17 17 13 0
1593155555 235 130 130 68 80 58 44 35 27 0 23 21 16 19 7 17 17 17 13 0
1593160367 235 130 130 68 81 58 44 35 27 0 23 21 16 19 7 17 17 17 13 0
1593161521 235 130 130 68 82 58 44 35 27 0 23 21 16 19 7 17 17 17 13 0
1593162376 235 130 130 68 82 58 44 35 27 0 23 21 17 19 7 17 17 17 13 0
1593162498 235 130 130 68 82 58 44 35 27 0 23 21 18 19 7 17 17 17 13 0
1593176104 235 130 130 68 82 58 44 35 27 0 23 21 18 19 7 17 17 17 14 0
1593433065 235 130 130 68 82 58 44 35 27 0 23 21 18 19 7 17 17 17 15 0
1593487408 235 130 130 68 82 58 44 35 27 0 23 21 18 19 7 17 17 17 15 0
1593754679 235 130 130 68 82 58 44 35 28 0 23 21 18 19 7 17 17 17 15 0
1593754692 235 130 130 68 82 58 44 35 29 0 23 21 18 19 7 17 17 17 15 0
1593755312 235 130 130 68 82 58 44 35 30 0 23 21 18 19 7 17 17 17 15 0
1593755419 235 130 130 68 82 58 44 35 30 0 23 21 18 19 8 17 17 17 15 0
1593757202 235 130 130 68 82 58 44 35 30 0 23 21 18 19 9 17 17 17 15 0
1593782989 235 130 130 68 82 58 44 35 30 0 23 21 18 19 9 17 17 17 16 0
1593783004 235 130 130 68 82 58 44 35 30 0 23 21 18 19 9 17 17 17 17 0
1595220878 235 130 130 69 82 58 44 35 30 0 23 21 18 19 9 17 17 17 17 0
1595384368 235 130 130 70 82 58 44 35 30 0 23 21 18 19 9 17 17 17 17 0
1595683857 235 130 130 71 82 58 44 35 30 0 23 21 18 19 9 17 17 17 17 0
1595938842 235 130 130 71 82 58 44 35 30 0 23 21 18 19 9 17 17 17 17 0
1595944461 235 130 130 71 82 58 44 35 30 0 23 21 18 19 9 17 17 17 17 0
1595988398 235 130 130 71 82 58 44 35 30 0 23 21 18 19 9 17 17 17 17 0
1595990309 235 130 130 71 82 58 44 35 30 0 23 21 18 19 10 17 17 17 17 0
1595991541 235 130 130 71 82 58 44 35 30 0 23 21 18 19 10 17 17 17 17 0
1595991550 235 130 130 71 82 58 44 35 30 0 23 21 18 19 10 17 17 17 17 0
1596010180 235 130 130 71 82 58 44 35 30 0 23 21 18 19 10 17 17 17 17 0
1596014308 235 130 130 71 82 58 44 35 30 0 23 21 18 19 10 17 17 17 17 0
1596193970 235 130 130 72 82 58 44 35 30 0 23 21 18 19 10 17 17 17 17 0
1596262629 235 130 130 73 82 58 44 35 30 0 23 21 18 19 10 17 17 17 17 0
1596263256 235 130 130 74 82 58 44 35 30 0 23 21 18 19 10 17 17 17 17 0
1596281096 235 130 130 74 82 58 44 35 30 0 23 21 19 19 10 17 17 17 17 0
1596334295 235 130 130 75 82 58 44 35 30 0 23 21 19 19 10 17 17 17 17 0
1596336117 235 130 130 75 82 58 44 35 31 0 23 21 19 19 10 17 17 17 17 0
1596336124 235 130 130 75 82 58 44 35 32 0 23 21 19 19 10 17 17 17 17 0
1596337951 235 130 130 76 82 58 44 35 32 0 23 21 19 19 10 17 17 17 17 0
1596337960 235 130 130 77 82 58 44 35 32 0 23 21 19 19 10 17 17 17 17 0
1597209251 235 130 130 78 82 58 44 35 32 0 23 21 19 19 10 17 17 17 17 0
1597308276 235 130 130 79 82 58 44 35 32 0 23 21 19 19 10 17 17 17 17 0
1597845864 235 130 130 80 82 58 44 35 32 0 23 21 19 19 10 17 17 17 17 0
1598174616 235 131 130 80 82 58 44 35 32 0 23 21 19 19 10 17 17 17 17 0
1598174696 235 132 130 80 82 58 44 35 32 0 23 21 19 19 10 17 17 17 17 0
1598179871 235 133 130 80 82 58 44 35 32 0 23 21 19 19 10 17 17 17 17 0
1598271392 235 133 130 81 82 58 44 35 32 0 23 21 19 19 10 17 17 17 17 0
1598411020 235 133 130 81 82 58 44 35 32 0 23 21 19 19 10 17 17 17 17 0
1598412323 235 133 130 82 82 58 44 35 32 0 23 21 19 19 10 17 17 17 17 0
1598414300 235 133 130 83 82 58 44 35 32 0 23 21 19 19 10 17 17 17 17 0
1598426014 235 133 130 83 82 58 44 35 32 0 23 21 19 19 11 17 17 17 17 0
1598611197 235 133 130 83 82 58 44 35 32 0 23 21 19 19 11 17 17 17 17 0
1598860993 235 133 130 83 82 58 44 35 32 0 23 21 19 19 12 17 17 17 17 0
1599637192 235 133 130 84 82 58 44 35 32 0 23 21 19 19 12 17 17 17 17 0
1599639376 235 133 130 84 82 58 44 35 32 0 23 21 19 19 12 17 17 17 17 0
1599642208 235 133 130 85 82 58 44 35 32 0 23 21 19 19 12 17 17 17 17 0
1600236294 235 133 130 86 82 58 44 35 32 0 23 21 19 19 12 17 17 17 17 0
1600414300 235 133 130 87 82 58 44 35 32 0 23 21 19 19 12 17 17 17 17 0
1600754585 235 133 130 88 82 58 44 35 32 0 23 21 19 19 12 17 17 17 17 0
1600949575 235 133 130 89 82 58 44 35 32 0 23 21 19 19 12 17 17 17 17 0
1604471214 235 133 130 89 82 58 44 35 32 0 23 21 19 19 12 17 17 17 17 0
1605062044 235 133 130 89 82 58 44 35 32 0 23 21 19 19 12 17 17 17 17 0
1605755236 235 133 130 89 82 58 44 35 32 1 23 21 19 19 12 17 17 17 17 0
1605793481 235 133 130 89 82 58 44 35 32 2 23 21 19 19 12 17 17 17 17 0
1607400514 235 133 130 89 82 58 44 35 32 3 23 21 19 19 12 17 17 17 17 0
1607420418 235 133 130 89 82 58 44 35 32 4 23 21 19 19 12 17 17 17 17 0
1607519571 235 133 130 89 82 58 44 35 32 4 23 21 19 19 12 17 17 17 17 1
1607524345 235 133 130 90 82 58 44 35 32 4 23 21 19 19 12 17 17 17 17 1
1607603019 235 133 130 90 82 58 44 35 32 4 23 21 19 19 12 17 17 17 17 2
1607603237 235 133 130 90 82 58 44 35 32 4 23 21 19 19 12 17 17 17 17 3
1607604399 235 133 130 91 82 58 44 35 32 4 23 21 19 19 12 17 17 17 17 3
1607608188 235 133 130 91 82 58 44 35 32 4 23 21 19 19 12 17 17 17 17 4
1607608265 235 133 130 91 82 58 44 35 32 4 23 21 19 19 13 17 17 17 17 4
1607609218 235 133 130 91 82 58 44 35 32 4 23 21 19 19 14 17 17 17 17 4
1607610318 235 133 130 92 82 58 44 35 32 4 23 21 19 19 14 17 17 17 17 4
1607610593 235 133 130 93 82 58 44 35 32 4 23 21 19 19 14 17 17 17 17 4
1607660024 235 133 130 94 82 58 44 35 32 4 23 21 19 19 14 17 17 17 17 4
1607664110 235 133 130 95 82 58 44 35 32 4 23 21 19 19 14 17 17 17 17 4
1607668706 235 133 130 96 82 58 44 35 32 4 23 21 19 19 14 17 17 17 17 4
1607670206 235 133 130 97 82 58 44 35 32 4 23 21 19 19 14 17 17 17 17 4
1607672327 235 133 130 97 82 58 44 35 32 4 23 21 19 19 14 17 17 17 17 5
1607675596 235 133 130 97 82 58 44 35 32 5 23 21 19 19 14 17 17 17 17 5
1607675710 235 133 130 97 82 58 44 35 32 6 23 21 19 19 14 17 17 17 17 5
1607677083 235 133 130 97 82 58 44 35 32 7 23 21 19 19 14 17 17 17 17 5
1607770477 235 133 130 97 82 58 44 35 32 7 23 21 19 19 14 17 17 17 17 6
1607921882 235 133 130 98 82 58 44 35 32 7 23 21 19 19 14 17 17 17 17 6
1607926880 235 133 130 98 82 58 44 35 32 8 23 21 19 19 14 17 17 17 17 6
1607927264 235 133 130 98 82 58 44 35 32 9 23 21 19 19 14 17 17 17 17 6
1607927465 235 133 130 98 82 58 44 35 32 10 23 21 19 19 14 17 17 17 17 6
1607934852 235 133 130 99 82 58 44 35 32 10 23 21 19 19 14 17 17 17 17 6
1607945220 235 133 130 100 82 58 44 35 32 10 23 21 19 19 14 17 17 17 17 6
1607950485 235 133 130 101 82 58 44 35 32 10 23 21 19 19 14 17 17 17 17 6
1608020874 235 133 130 102 82 58 44 35 32 10 23 21 19 19 14 17 17 17 17 6
1608111336 235 133 130 102 82 58 44 35 32 10 23 21 19 19 14 17 17 17 17 7
1608364655 235 133 130 103 82 58 44 35 32 10 23 21 19 19 14 17 17 17 17 7
1608365440 235 133 130 104 82 58 44 35 32 10 23 21 19 19 14 17 17 17 17 7
1608365964 235 133 130 105 82 58 44 35 32 10 23 21 19 19 14 17 17 17 17 7
1608518299 235 133 130 105 82 58 44 35 32 11 23 21 19 19 14 17 17 17 17 7
1608547308 235 133 130 105 82 58 44 35 32 12 23 21 19 19 14 17 17 17 17 7
1608804433 235 133 130 106 82 58 44 35 32 12 23 21 19 19 14 17 17 17 17 7
1608822059 235 133 130 106 82 58 44 35 32 13 23 21 19 19 14 17 17 17 17 7
1608822074 235 133 130 106 82 58 44 35 32 14 23 21 19 19 14 17 17 17 17 7
1608947496 235 133 130 106 82 58 44 35 32 15 23 21 19 19 14 17 17 17 17 7
1608979054 235 133 130 106 82 58 44 35 32 16 23 21 19 19 14 17 17 17 17 7
1609035361 235 133 130 106 82 58 44 35 32 17 23 21 19 19 14 17 17 17 17 7
1609145861 235 133 130 106 82 58 44 35 32 17 23 21 19 19 15 17 17 17 17 7
1609145872 235 133 130 106 82 58 44 35 32 17 23 21 19 19 16 17 17 17 17 7
1609217083 235 133 130 107 82 58 44 35 32 17 23 21 19 19 16 17 17 17 17 7
1609665641 235 133 130 108 82 58 44 35 32 17 23 21 19 19 16 17 17 17 17 7
1609665865 235 133 130 109 82 58 44 35 32 17 23 21 19 19 16 17 17 17 17 7
1609812266 235 133 130 109 82 58 44 35 32 18 23 21 19 19 16 17 17 17 17 7
1609829362 235 133 130 109 82 58 44 35 32 18 23 21 19 19 16 17 17 17 17 8
1609834135 235 133 130 109 82 58 44 35 32 18 23 21 19 19 16 17 17 17 17 9
1609853672 235 133 130 110 82 58 44 35 32 18 23 21 19 19 16 17 17 17 17 9
1609853833 235 133 130 111 82 58 44 35 32 18 23 21 19 19 16 17 17 17 17 9
1609916265 235 133 130 111 82 58 44 35 32 19 23 21 19 19 16 17 17 17 17 9
1609916422 235 133 130 111 82 58 44 35 32 20 23 21 19 19 16 17 17 17 17 9
1610185927 235 133 130 112 82 58 44 35 32 20 23 21 19 19 16 17 17 17 17 9
1610370165 235 133 130 113 82 58 44 35 32 20 23 21 19 19 16 17 17 17 17 9
1610420320 235 133 130 113 82 58 44 35 32 21 23 21 19 19 16 17 17 17 17 9
1610420751 235 133 130 113 82 58 44 35 32 22 23 21 19 19 16 17 17 17 17 9
1610421543 235 133 130 113 82 58 44 35 32 22 23 21 19 19 16 17 17 17 17 10
1610421629 235 133 130 113 82 58 44 35 32 22 23 21 19 19 16 17 17 17 17 11
1610422486 235 133 130 114 82 58 44 35 32 22 23 21 19 19 16 17 17 17 17 11
1610424149 235 133 130 114 82 58 44 35 32 22 23 21 19 19 16 17 17 17 17 12
1610424177 235 133 130 114 82 58 44 35 32 22 23 21 19 19 16 17 17 17 17 13
1610545960 235 134 130 114 82 58 44 35 32 22 23 21 19 19 16 17 17 17 17 13
1610599374 235 134 130 114 82 58 44 35 32 22 23 21 19 19 17 17 17 17 17 13
1610687673 235 134 130 114 82 58 44 35 32 23 23 21 19 19 17 17 17 17 17 13
1610687685 235 134 130 114 82 58 44 35 32 24 23 21 19 19 17 17 17 17 17 13
1610763121 235 134 130 115 82 58 44 35 32 24 23 21 19 19 17 17 17 17 17 13
1610764181 235 134 130 116 82 58 44 35 32 24 23 21 19 19 17 17 17 17 17 13
1610764904 235 134 130 117 82 58 44 35 32 24 23 21 19 19 17 17 17 17 17 13
1611068189 235 134 130 117 82 58 44 35 32 25 23 21 19 19 17 17 17 17 17 13
1611111046 235 134 130 117 82 58 44 35 32 26 23 21 19 19 17 17 17 17 17 13
1611113471 235 134 130 117 82 58 44 35 32 27 23 21 19 19 17 17 17 17 17 13
1611118413 235 134 130 118 82 58 44 35 32 27 23 21 19 19 17 17 17 17 17 13
1611125142 235 134 130 118 82 58 44 35 32 28 23 21 19 19 17 17 17 17 17 13
1611125661 235 134 130 119 82 58 44 35 32 28 23 21 19 19 17 17 17 17 17 13
