1553045093 15617
1553068799 15633
1553137271 15774
1553145471 15783
1553420453 37681
1553573395 50120
1553677784 28091
1553678155 50402
1553871184 51015
1553953782 52036
1554130811 56028
1554202083 33597
1554206847 33299
1554298861 33336
1554388164 34352
1554533371 34464
1554644966 34474
1554708797 34503
1554734523 34563
1555139600 34492
1555313083 35305
1555553989 35794
1555573058 36334
1556028775 36335
1556029033 36341
1556031023 36599
1556079556 36617
1557048579 37028
1557048629 37030
1557061851 37016
1557211935 37011
1557212290 37011
1557212676 36946
1557321336 36946
1557387088 37085
1557387367 37657
1557391496 37691
1557453084 37681
1557453299 37820
1558057888 37823
1558058035 37854
1558267446 37855
1558267587 37856
1558499697 37884
1558499724 43396
1558501513 43400
1558516447 43392
1558516612 43948
1558521716 43958
1558524144 43713
1559095953 43787
1559096251 43790
1559120133 43887
1559139989 43825
1559194018 43914
1559198744 43986
1559204800 43921
1559352476 43924
1559356822 43952
1559372366 43960
1559398560 43885
1559437984 43885
1559444389 45203
1559526290 49162
1559559504 49164
1559640195 49175
1559658215 49175
1559888266 49189
1560163734 49199
1560179790 49218
1560220509 49262
1560227182 49263
1560227277 49264
1560238732 49264
1560312280 49265
1560312460 49267
1560393919 50325
1560478907 50302
1560525513 50646
1560565844 50647
1560572513 50910
1560573826 50930
1560579569 50930
1560582747 50940
1560610973 50942
1560611098 50953
1560654657 51382
1560669689 51383
1560676200 51440
1560676297 51441
1560687334 51524
1560692141 51753
1560735042 51763
1560746543 51861
1560764587 51872
1560764599 51872
1560863291 51907
1560866936 51911
1560912076 51936
1560914891 51939
1560916358 51939
1561362801 51949
1561364475 52105
1561364860 52136
1561367754 52108
1561367770 52191
1561384079 52245
1561384749 52290
1561385045 52277
1561453055 52283
1561560320 52280
1561561120 52291
1561625692 52949
1561644267 52971
1561703116 52970
1561703135 52920
1561703794 52921
1561705186 52921
1561714704 52921
1562049822 52933
1562571614 52933
1562571650 52933
1562679032 53195
1562990322 53287
1562990371 53787
1562995930 53787
1563333088 56459
1563455313 56459
1563455322 56458
1563455463 56458
1563677439 56470
1563805291 57034
1563980106 57297
1563980116 57297
1564652285 58853
1564652571 58848
1564997910 59180
1565062618 59146
1565594990 59146
1566140964 59146
1566141268 59209
1566307539 59296
1566311145 59296
1566311154 60998
1566311356 61019
1566311519 61019
1566373675 61024
1566382642 61024
1566396565 61032
1566460789 61037
1566701419 61039
1566822702 61788
1566822727 61794
1566888949 62401
1566902045 62456
1566902225 62489
1566905830 62489
1566915722 62500
1566981706 62559
1567044531 62556
1567047194 62523
1567136266 62547
1567147281 62548
1567149626 62548
1567234432 62638
1567235743 62647
1567301061 62667
1567307279 62961
1567309754 62995
1567324440 63428
1567324922 63429
1567330210 63430
1567401897 63419
1567404555 63443
1567406545 63460
1567482983 63503
1567492855 63502
1567499194 63512
1567755536 67188
1567755541 67169
1567757512 67170
1567907446 67187
1567910661 66439
1567910665 66446
1567912520 66446
1568256680 66471
1568256689 66501
1568340526 66502
1568701001 69940
1568896143 70810
1568896185 70873
1568904348 70878
1568955130 70881
1568955145 70881
1568970399 70903
1569036056 71046
1569054199 71156
1569229277 73237
1569305262 73247
1569306397 73247
1569384389 73301
1569552508 73244
1569576562 73421
1570614089 73439
1570614111 73519
1570675978 73519
1570675993 73520
1570709133 73613
1570709394 73613
1570850371 73974
1570850666 74020
1570969532 74031
1570970313 74034
1570971163 74034
1570976752 74035
1571020645 74039
1571021809 74067
1571129069 74079
1571129081 74080
1571133073 74113
1571149626 74114
1571195998 74136
1571196007 74133
1571196305 74134
1571282408 74547
1571282446 75495
1571297743 75495
1571297751 75519
1571297905 75519
1571301916 75556
1571372904 75854
1571373023 75857
1571382726 75862
1571384993 75871
1571389936 75871
1571456782 75895
1571477393 75899
1571492876 75899
1571646131 75343
1571647372 75358
1571660237 75643
1571661073 75644
1571801408 75670
1571906249 75992
1572080263 75234
1572080280 75324
1572080906 76102
1572081220 76102
1572097308 76098
1572141139 76098
1572141700 76107
1572158369 76513
1572158435 76549
1572186811 76958
1572186824 76992
1572187553 76992
1572333066 76992
1572334229 76992
1572334951 76992
1572341243 76998
1572341620 76998
1572488161 77001
1572488171 78393
1572497010 78518
1572515921 78521
1572528715 78523
1572667800 78555
1572667812 79213
1572672146 79215
1572747811 79345
1572778556 79352
1572780436 79352
1572871474 79352
1572875808 79358
1572876903 79374
1572877111 79374
1572941323 79374
1572960771 79380
1572961706 79382
1572962068 79347
1572962497 79347
1573091735 79334
1573091748 79356
1573093289 79444
1573094700 79466
1573480153 79466
1573480309 79786
1573532789 79818
1573549671 79827
1573557589 79827
1573557598 80105
1573611844 80110
1573717947 80110
1573718009 80130
1573722368 80144
1573722915 80144
1574345326 80159
1574345455 80688
1574389312 80691
1574393082 80691
1574393629 80691
1574399949 80708
1574428960 80715
1574604334 80716
1574652425 81071
1574669777 81142
1574691422 81163
1574691432 81825
1574850015 81884
1574850178 81884
1574909032 81886
1575104859 81884
1575104933 81885
1575175667 81977
1575175708 81980
1575456205 81981
1575511417 82032
1575513787 82032
1575536309 82032
1576120391 82104
1576204952 82104
1576205068 82125
1576326288 82136
1576501391 82150
1576501829 82148
1576574956 82146
1576637815 82310
1576665771 82310
1576768932 82310
1576807993 82310
1576897767 82310
1576983629 82878
1577154299 82880
1578279694 82899
1578294037 83513
1578315037 83496
1581146892 84276
1582686286 84276
1582768838 84276
1582778592 84278
1582780419 84284
1582780566 84284
1582790810 84285
1582795442 84285
1582799222 84285
1582869592 84308
1583036210 84307
1583036510 84308
1583114467 84309
1583114570 84372
1583120012 84373
1583122179 84379
1583136903 84372
1583137770 84375
1583160501 84375
1583222803 84378
1583236510 84380
1583237046 84384
1583237492 84384
1583389766 84929
1583390153 84927
1583391332 84911
1583391436 84911
1583392939 84911
1583393807 84911
1583393823 84915
1583394093 84920
1583395071 84920
1583412711 84920
1583415183 84920
1583415925 84921
1583416219 84923
1583419086 84923
1583419394 84923
1583569923 84953
1583918046 84977
1583934797 85742
1583976203 85751
1583984917 85737
1584005806 85735
1584013089 85729
1584013390 85728
1584092254 85771
1584193407 85814
1584280909 85815
1584371804 85827
1584524208 85853
1584524475 85927
1584538281 85927
1584541591 86243
1584541709 86245
1584588238 86270
1584632829 86329
1584632841 86350
1584679028 86451
1584684667 86460
1584701320 86495
1584711747 86525
1584714797 86566
1584715057 86567
1584770514 86679
1584773218 86701
1584773658 86703
1584802395 86716
1584894843 86725
1584966219 86740
1584966608 86740
1584973713 86753
1584975904 86754
1585022272 86828
1585022285 86900
1585120998 86980
1585121009 86980
1585134621 86980
1585136550 86980
1585209601 86977
1585314614 86978
1585314635 87028
1585463686 101190
1585463702 101572
1585466707 101212
1585493426 100139
1585493438 100144
1585546220 100287
1585551946 100297
1585552797 100297
1585557656 100452
1585557667 100477
1585572863 100545
1585573038 100545
1585667623 100547
1585667635 100553
1585708313 100572
1586525460 101026
1586525645 101020
1586610357 101025
1586613305 101026
1586666419 101028
1586692575 101021
1586692964 101022
1586693588 101024
1586700971 101024
1586764823 101024
1586770279 101148
1586772716 101158
1586776602 101158
1586790063 101158
1586872394 101192
1586915530 101202
1586925615 101224
1586938230 101352
1587005099 101370
1587005214 101494
1587027217 101580
1587029131 101577
1587029890 101579
1587036054 101573
1587036671 101590
1587037312 101593
1587038455 101596
1587042607 101602
1587048583 101624
1587092379 101637
1587093568 101639
1587176390 101639
1587196913 101643
1587309521 101721
1587309537 101654
1587472430 102034
1587472490 102048
1587484199 102099
1587547313 102463
1587549933 102481
1587551445 102482
1587607942 102487
1587633407 102490
1587647273 102515
1587716051 102517
1587802876 102551
1587899835 102552
1587899851 102820
1587913084 102847
1587966423 102947
1587993963 103188
1588043925 103225
1588047536 103228
1588048371 103228
1588055661 103228
1588079703 103252
1588079731 103254
1588299769 103265
1588299820 103808
1588300125 103808
1588305525 103809
1588310199 103809
1588324160 103881
1588325413 103886
1588326855 103894
1588594818 103902
1588599576 103912
1588650153 103917
1588674106 103924
1588692402 104422
1588743134 104594
1588743143 104604
1588755858 104719
1588762279 104854
1588772470 104818
1588778481 105286
1588825476 105323
1588825796 105325
1588826237 105333
1588832161 105333
1588859312 105353
1588861175 105355
1588861845 105361
1588946525 105430
1588946605 105487
1588950238 105494
1588954368 105543
1588989695 105543
1588992346 105545
1588992359 105548
1588992971 105549
1588993547 105550
1588995062 105550
1589031497 105556
1589034201 105588
1589080045 105594
1589080090 105596
1589097119 105678
1589187077 105765
1589292706 105817
1589434684 106470
1589435303 106470
1589609192 106861
1589613253 107169
1589775252 108958
1589967096 109037
1590062867 109049
1590066802 109054
1590068586 109055
1590304388 109053
1590304416 109755
1590315399 109779
1590332287 109768
1590343244 109782
1590343279 109777
1590376675 109763
1590378997 109749
1590379700 109755
1590380732 109748
1590480366 109739
1590742710 109839
1590743117 109945
1590820240 109946
1590890748 109946
1590890760 110010
1590892321 110011
1590904749 110011
1590904766 110021
1590912276 110110
1590912406 110110
1590914278 110116
1590993719 110125
1591003836 110125
1591019084 113196
1591020939 113183
1591021770 113185
1591023797 113187
1591074326 113187
1591085165 113196
1591089316 113216
1591089327 113243
1591666951 113243
1591666961 113435
1591668182 113435
1592875364 113431
1592875377 115623
1592880394 115636
1593004092 115643
1593487408 117477
1593782989 117554
1593783004 117589
1595220878 117591
1595384368 117638
1595683857 117687
1595938842 117821
1595944461 117888
1595988398 120989
1595991541 123518
1595991550 123651
1596010180 123651
1596014308 125582
1596193970 125373
1596262629 125373
1596263256 125409
1596281096 125491
1596334295 126030
1596337951 126044
1596337960 126047
1597209251 126047
1597845864 126065
1598426014 127993
1598860993 128018
1599637192 128053
1599639376 128052
1599642208 128055
1600236294 128052
1600414300 128056
1600754585 128076
1600949575 128099
1604471214 128103
1605062044 128105
1605755236 128113
1605793481 128126
1607400514 130948
1607420418 131059
1607519571 131086
1607524345 131108
1607604399 131145
1607608265 131175
1607609218 131388
1607610318 131384
1607610593 131405
1607660024 131568
1607664110 131580
1607668706 131584
1607670206 131586
1607675596 131503
1607675710 131503
1607677083 131504
1607770477 131509
1607926880 131523
1607927264 131664
1607927465 131664
1607934852 131664
1607945220 131668
1607950485 131668
1608020874 131703
1608111336 131706
1608364655 131816
1608365440 131816
1608365964 131817
1608518299 135891
1608547308 136683
1608822059 141134
1608822074 141167
1608947496 141167
1608979054 141282
1609145861 141465
1609145872 141485
1609217083 141586
1609665641 141589
1609665865 141625
1609812266 141623
1609916265 141623
1609916422 141885
1610185927 141885
1610370165 141933
1610421543 141941
1610421629 141961
1610424149 141961
1610424177 141961
1610687673 142024
1610687685 142456
1610763121 142507
1610764181 142537
1610764904 142538
1611068189 142584
1611111046 142644
1611113471 142676
1611118413 142676
1611125142 142676
1611125661 142676
