1553045093 15617 0 0 0 0 0 0 0 0 0 0 0 0 0 0 0 0 0 0 0
1553068799 15653 0 0 0 0 0 0 0 0 0 0 0 0 0 0 0 0 0 0 0
1553137271 15814 0 0 0 0 0 0 0 0 0 0 0 0 0 0 0 0 0 0 0
1553145471 15827 0 0 0 0 0 0 0 0 0 0 0 0 0 0 0 0 0 0 0
1553420453 37874 0 0 0 0 0 0 0 0 0 0 0 0 0 0 0 0 0 0 0
1553573395 51581 0 0 0 0 0 0 0 0 0 0 0 0 0 0 0 0 0 0 0
1553677784 51581 0 0 0 0 0 0 0 0 0 0 0 0 0 0 0 0 0 0 0
1553678155 73892 0 0 0 0 0 0 0 0 0 0 0 0 0 0 0 0 0 0 0
1553871184 74505 0 0 0 0 0 0 0 0 0 0 0 0 0 0 0 0 0 0 0
1553953782 75597 0 0 0 0 0 0 0 0 0 0 0 0 0 0 0 0 0 0 0
1554130811 79709 0 0 0 0 0 0 0 0 0 0 0 0 0 0 0 0 0 0 0
1554202083 80733 0 0 0 0 0 0 0 0 0 0 0 0 0 0 0 0 0 0 0
1554206847 80733 0 0 0 0 0 0 0 0 0 0 0 0 0 0 0 0 0 0 0
1554298861 80772 0 0 0 0 0 0 0 0 0 0 0 0 0 0 0 0 0 0 0
1554388164 81788 0 0 0 0 0 0 0 0 0 0 0 0 0 0 0 0 0 0 0
1554533371 81946 0 0 0 0 0 0 0 0 0 0 0 0 0 0 0 0 0 0 0
1554644966 81962 0 0 0 0 0 0 0 0 0 0 0 0 0 0 0 0 0 0 0
1554708797 82097 0 0 0 0 0 0 0 0 0 0 0 0 0 0 0 0 0 0 0
1554734523 82162 0 0 0 0 0 0 0 0 0 0 0 0 0 0 0 0 0 0 0
1555139600 82258 0 0 0 0 0 0 0 0 0 0 0 0 0 0 0 0 0 0 0
1555313083 83078 0 0 0 0 0 0 0 0 0 0 0 0 0 0 0 0 0 0 0
1555553989 83078 0 0 0 0 0 0 0 0 0 0 0 0 0 0 0 0 0 0 0
1555573058 83078 0 0 0 0 0 0 0 0 0 0 0 0 0 0 0 0 0 0 0
1556028775 83095 0 0 0 0 0 0 0 0 0 0 0 0 0 0 0 0 0 0 0
1556029033 83104 0 0 0 0 0 0 0 0 0 0 0 0 0 0 0 0 0 0 0
1556031023 83364 0 0 0 0 0 0 0 0 0 0 0 0 0 0 0 0 0 0 0
1556079556 83364 0 0 0 0 0 0 0 0 0 47 0 0 0 0 0 0 0 0 0
1556507637 83370 0 0 0 0 0 0 0 0 0 47 0 0 0 0 0 0 0 0 0
1556508058 83373 0 0 0 0 0 0 0 0 0 47 0 0 0 0 0 0 0 0 0
1556508442 83375 0 0 0 0 0 0 0 0 0 47 0 0 0 0 0 0 0 0 0
1556515418 83375 0 0 0 0 0 0 0 0 0 47 0 0 0 0 0 0 0 0 0
1556547500 83375 0 1 0 0 0 0 0 0 0 47 0 0 0 0 0 0 0 0 0
1557048579 83375 0 1 0 0 0 0 0 0 0 500 0 0 0 0 0 0 0 0 0
1557048629 83375 0 1 0 0 0 0 0 0 0 500 0 0 0 0 0 0 0 0 0
1557061851 83375 0 1 0 0 0 0 0 0 0 562 0 0 0 0 0 0 0 0 0
1557131561 83375 0 1 0 0 0 0 0 0 0 562 0 0 0 0 0 41 0 0 0
1557191828 83375 0 19 0 0 0 0 0 0 0 562 0 0 0 0 0 41 0 0 0
1557195572 83385 0 19 0 0 0 0 0 0 0 562 0 0 0 0 0 41 0 0 0
1557197472 83405 0 19 0 0 0 0 0 0 0 562 0 0 0 0 0 41 0 0 0
1557211935 83405 0 19 0 0 0 0 0 0 0 588 0 0 0 0 0 41 0 0 0
1557212290 83405 0 19 0 0 0 0 0 0 0 596 0 0 0 0 0 41 0 0 0
1557212676 83405 0 19 0 0 0 0 0 0 0 596 0 0 0 0 0 41 0 0 0
1557228658 83405 0 20 0 0 0 0 0 0 0 596 0 0 0 0 0 41 0 0 0
1557228680 83405 0 20 0 0 0 0 0 0 0 596 0 0 0 0 0 41 0 0 0
1557278885 83405 0 26 0 0 0 0 0 0 0 596 0 0 0 0 0 41 0 0 0
1557278906 83405 0 26 0 0 0 0 0 0 0 596 0 0 0 0 0 41 0 0 0
1557280325 83545 0 26 0 0 0 0 0 0 0 596 0 0 0 0 0 41 0 0 0
1557280337 83545 0 26 0 0 0 0 0 0 0 596 0 0 0 0 0 41 0 0 0
1557281258 83545 0 26 0 0 0 0 0 0 0 596 0 0 0 0 0 50 0 0 0
1557304130 83545 0 39 0 0 0 0 0 0 0 596 0 0 0 0 0 50 0 0 0
1557304139 83545 0 39 0 0 0 0 0 0 0 596 0 0 0 0 0 50 0 0 0
1557321336 83545 0 39 0 0 0 0 0 0 0 631 0 0 0 0 0 50 0 0 0
1557382235 83596 0 39 0 0 0 0 0 0 0 631 0 0 0 0 0 50 0 0 0
1557386510 84220 0 39 0 0 0 0 0 0 0 631 0 0 0 0 0 50 0 0 0
1557386882 84234 0 39 0 0 0 0 0 0 0 631 0 0 0 0 0 50 0 0 0
1557386927 84235 0 39 0 0 0 0 0 0 0 631 0 0 0 0 0 50 0 0 0
1557387088 84235 0 39 0 0 0 0 0 0 0 631 0 0 0 0 0 50 0 0 0
1557387367 84235 0 39 0 0 0 0 0 0 0 631 0 0 0 0 0 50 0 0 0
1557387997 84235 0 39 0 0 0 0 0 0 0 631 0 0 0 0 0 50 0 0 0
1557388013 84235 0 39 0 0 0 0 0 0 0 631 0 0 0 0 0 50 0 0 0
1557390997 84279 0 39 0 0 0 0 0 0 0 631 0 0 0 0 0 50 0 0 0
1557391496 84279 0 39 0 0 0 0 0 0 0 631 0 0 0 0 0 50 0 0 0
1557391676 84279 0 39 0 0 0 0 0 0 0 631 0 0 0 0 0 50 0 0 0
1557452977 84279 0 39 0 0 0 0 0 0 0 631 0 0 0 0 0 111 0 0 0
1557453084 84279 0 39 0 0 0 0 0 0 0 648 0 0 0 0 0 111 0 0 0
1557453299 84279 0 39 0 0 0 0 0 0 0 648 0 0 0 0 0 111 0 0 0
1557468945 84279 0 83 0 0 0 0 0 0 0 648 0 0 0 0 0 111 0 0 0
1557493502 84351 0 83 0 0 0 0 0 0 0 648 0 0 0 0 0 111 0 0 0
1557626926 84382 0 83 0 0 0 0 0 0 0 648 0 0 0 0 0 111 0 0 0
1558057888 84382 0 83 0 0 0 0 0 0 0 665 0 0 0 0 0 111 0 0 0
1558058035 84382 0 83 0 0 0 0 0 0 0 665 0 0 0 0 0 111 0 0 0
1558102125 84389 0 83 0 0 0 0 0 0 0 665 0 0 0 0 0 111 0 0 0
1558267446 84389 0 83 0 0 0 0 0 0 0 706 0 0 0 0 0 111 0 0 0
1558267587 84389 0 83 0 0 0 0 0 0 0 706 0 0 0 0 0 111 0 0 0
1558271902 84738 0 83 0 0 0 0 0 0 0 706 0 0 0 0 0 111 0 0 0
1558402271 84748 0 83 0 0 0 0 0 0 0 706 0 0 0 0 0 111 0 0 0
1558409793 85769 0 83 0 0 0 0 0 0 0 706 0 0 0 0 0 111 0 0 0
1558418042 90062 0 83 0 0 0 0 0 0 0 706 0 0 0 0 0 111 0 0 0
1558424266 90062 0 83 0 0 0 0 0 0 0 706 0 0 0 0 201 111 0 0 0
1558499697 90062 0 83 0 0 0 0 0 0 0 738 0 0 0 0 201 111 0 0 0
1558499724 90062 0 83 0 0 0 0 0 0 0 738 0 0 0 0 201 111 0 0 0
1558500342 90062 0 83 0 0 0 0 0 0 0 738 0 0 0 0 201 143 0 0 0
1558500395 90062 0 83 0 0 0 0 0 0 0 738 0 0 0 0 201 143 0 0 0
1558501513 90066 0 83 0 0 0 0 0 0 0 738 0 0 0 0 201 143 0 0 0
1558512020 90066 0 83 0 0 0 0 0 0 0 738 0 0 0 0 201 158 0 0 0
1558512028 90066 0 83 0 0 0 0 0 0 0 738 0 0 0 0 201 158 0 0 0
1558513655 90555 0 83 0 0 0 0 0 0 0 738 0 0 0 0 201 158 0 0 0
1558513670 90555 0 83 0 0 0 0 0 0 0 738 0 0 0 0 201 158 0 0 0
1558515542 91052 0 83 0 0 0 0 0 0 0 738 0 0 0 0 201 158 0 0 0
1558516447 91052 0 83 0 0 0 0 0 0 0 748 0 0 0 0 201 158 0 0 0
1558516612 91052 0 83 0 0 0 0 0 0 0 748 0 0 0 0 201 158 0 0 0
1558521716 91052 0 83 0 0 0 0 0 0 0 788 0 0 0 0 201 158 0 0 0
1558524144 91271 0 83 0 0 0 0 0 0 0 788 0 0 0 0 201 158 0 0 0
1559095684 91271 0 83 0 0 0 0 0 0 0 820 0 0 0 0 201 158 0 0 0
1559095767 91271 0 83 0 0 0 0 0 0 0 820 0 0 0 0 201 163 0 0 0
1559095778 91271 0 83 0 0 0 0 0 0 0 820 0 0 0 0 201 163 0 0 0
1559095953 91776 0 83 0 0 0 0 0 0 0 820 0 0 0 0 201 163 0 0 0
1559096251 91776 0 83 0 0 0 0 0 0 0 820 0 0 0 0 201 163 0 0 0
1559120133 91980 0 83 0 0 0 0 0 0 0 820 0 0 0 0 201 163 0 0 0
1559139989 91980 0 83 0 0 0 0 0 0 0 820 0 0 0 0 201 163 0 0 0
1559185131 91980 0 138 0 0 0 0 0 0 0 820 0 0 0 0 201 163 0 0 0
1559194018 92138 0 138 0 0 0 0 0 0 0 820 0 0 0 0 201 163 0 0 0
1559198744 92250 0 138 0 0 0 0 0 0 0 820 0 0 0 0 201 163 0 0 0
1559204800 92282 0 138 0 0 0 0 0 0 0 820 0 0 0 0 201 163 0 0 0
1559227703 92282 0 138 0 0 0 0 0 0 0 820 0 0 0 0 205 163 0 0 0
1559352476 92282 0 138 0 0 0 0 0 0 0 820 0 0 0 0 205 163 0 0 0
1559356822 92333 0 138 0 0 0 0 0 0 0 820 0 0 0 0 205 163 0 0 0
1559366229 92333 0 138 0 0 0 0 0 0 0 820 0 0 0 0 205 182 0 0 0
1559366249 92333 0 138 0 0 0 0 0 0 0 820 0 0 0 0 205 182 0 0 0
1559372366 92333 0 138 0 0 0 0 0 0 0 820 0 0 0 0 205 182 0 0 0
1559398560 92333 0 138 0 0 0 0 0 0 0 820 0 0 0 0 205 182 0 0 0
1559437984 92345 0 138 0 0 0 0 0 0 0 820 0 0 0 0 205 182 0 0 0
1559444389 92345 0 138 0 0 0 0 0 0 0 820 0 0 0 0 205 182 0 0 0
1559526290 92345 0 138 0 0 0 0 0 0 0 820 0 0 0 0 205 182 0 0 0
1559559504 92354 0 138 0 0 0 0 0 0 0 820 0 0 0 0 205 182 0 0 0
1559629634 92354 0 394 0 0 0 0 0 0 0 820 0 0 0 0 205 182 0 0 0
1559640195 92354 0 394 0 0 0 0 0 0 0 820 0 0 0 0 226 182 0 0 0
1559658215 92354 0 394 0 0 0 0 0 0 0 820 0 0 0 0 226 182 0 0 0
1559737277 92354 0 408 0 0 0 0 0 0 0 820 0 0 0 0 226 182 0 0 0
1559812471 92368 0 408 0 0 0 0 0 0 0 820 0 0 0 0 226 182 0 0 0
1559817250 92373 0 408 0 0 0 0 0 0 0 820 0 0 0 0 226 182 0 0 0
1559824746 92373 0 408 0 0 0 0 0 0 0 820 0 0 0 0 226 182 0 0 0
1559874337 92373 0 408 0 0 0 0 0 0 0 820 0 0 0 0 226 182 0 0 0
1559877384 92373 0 408 0 0 0 0 0 0 0 820 0 0 0 0 226 182 0 0 0
1559877396 92373 0 408 0 0 0 0 0 0 0 820 0 0 0 0 226 182 0 0 0
1559888266 92373 0 408 0 0 0 0 0 0 0 820 0 0 0 0 226 182 0 0 0
1559915477 92373 0 507 0 0 0 0 0 0 0 820 0 0 0 0 226 182 0 0 0
1559962467 92373 0 507 0 0 0 0 0 0 0 820 0 0 0 0 226 182 0 0 0
1559986020 92392 0 507 0 0 0 0 0 0 0 820 0 0 0 0 226 182 0 0 0
1559999154 92423 0 507 0 0 0 0 0 0 0 820 0 0 0 0 226 182 0 0 0
1560048143 92437 0 507 0 0 0 0 0 0 0 820 0 0 0 0 226 182 0 0 0
1560048215 92437 0 507 0 0 0 0 0 0 0 820 0 0 0 0 226 182 0 0 0
1560049036 92437 0 507 0 0 0 0 0 0 0 820 0 0 0 0 226 182 0 0 0
1560049995 92443 0 507 0 0 0 0 0 0 0 820 0 0 0 0 226 182 0 0 0
1560050568 92444 0 507 0 0 0 0 0 0 0 820 0 0 0 0 226 182 0 0 0
1560085553 92507 0 507 0 0 0 0 0 0 0 820 0 0 0 0 226 182 0 0 0
1560134779 92507 0 507 0 0 0 0 0 0 0 820 0 0 0 0 243 182 0 0 0
1560137004 92564 0 507 0 0 0 0 0 0 0 820 0 0 0 0 243 182 0 0 0
1560137987 92564 0 515 0 0 0 0 0 0 0 820 0 0 0 0 243 182 0 0 0
1560151504 92564 0 536 0 0 0 0 0 0 0 820 0 0 0 0 243 182 0 0 0
1560152866 92564 0 541 0 0 0 0 0 0 0 820 0 0 0 0 243 182 0 0 0
1560154309 92564 0 557 0 0 0 0 0 0 0 820 0 0 0 0 243 182 0 0 0
1560158927 92564 0 557 0 0 0 0 0 0 0 820 0 0 0 0 243 182 0 0 0
1560159406 92566 0 557 0 0 0 0 0 0 0 820 0 0 0 0 243 182 0 0 0
1560163734 92566 0 557 0 0 0 0 13 0 0 820 0 0 0 0 243 182 0 0 0
1560177660 92566 0 557 0 0 0 0 13 0 0 820 0 0 0 0 243 182 0 0 0
1560179790 92566 0 557 0 0 0 0 45 0 0 820 0 0 0 0 243 182 0 0 0
1560220509 92566 0 557 0 0 0 0 114 0 0 820 0 0 0 0 243 182 0 0 0
1560227182 92566 0 557 0 0 0 0 115 0 0 820 0 0 0 0 243 182 0 0 0
1560227277 92566 0 557 0 0 0 0 116 0 0 820 0 0 0 0 243 182 0 0 0
1560238732 92566 0 557 0 0 0 0 154 0 0 820 0 0 0 0 243 182 0 0 0
1560312280 92566 0 557 0 0 0 0 155 0 0 820 0 0 0 0 243 182 0 0 0
1560312460 92566 0 557 0 0 0 0 158 0 0 820 0 0 0 0 243 182 0 0 0
1560331410 92573 0 557 0 0 0 0 158 0 0 820 0 0 0 0 243 182 0 0 0
1560389626 92573 0 559 0 0 0 0 158 0 0 820 0 0 0 0 243 182 0 0 0
1560389700 92573 0 559 0 0 0 0 158 0 0 820 0 0 0 0 243 182 0 0 0
1560389789 92573 0 561 0 0 0 0 158 0 0 820 0 0 0 0 243 182 0 0 0
1560393919 92573 0 561 0 0 0 0 158 0 0 820 0 0 0 0 243 182 0 0 0
1560435763 92675 0 561 0 0 0 0 158 0 0 820 0 0 0 0 243 182 0 0 0
1560435774 92675 0 561 0 0 0 0 158 0 0 820 0 0 0 0 243 182 0 0 0
1560478907 92675 0 561 0 0 0 0 158 0 0 820 0 0 0 0 243 182 0 0 0
1560523154 93239 0 561 0 0 0 0 158 0 0 820 0 0 0 0 243 182 0 0 0
1560524684 93239 0 561 0 0 0 0 158 0 0 820 0 0 0 0 243 182 0 0 0
1560525513 93239 0 561 0 0 0 0 158 0 0 820 0 0 0 0 243 182 0 0 0
1560565844 93239 0 561 0 0 0 0 158 0 0 820 0 0 0 0 243 182 0 0 0
1560572513 93532 0 561 0 0 0 0 158 0 0 820 0 0 0 0 243 182 0 0 0
1560573826 93532 0 561 0 0 0 0 158 0 0 820 0 0 0 0 243 213 0 0 0
1560579569 93534 0 561 0 0 0 0 158 0 0 820 0 0 0 0 243 213 0 0 0
1560582747 93534 0 561 0 0 0 0 158 0 0 820 0 0 0 0 243 213 0 0 0
1560594471 93534 0 561 0 0 0 0 158 0 0 820 0 0 0 0 243 213 0 0 0
1560607670 93544 0 561 0 0 0 0 158 0 0 820 0 0 0 0 243 213 0 0 0
1560608327 93545 0 561 0 0 0 0 158 0 0 820 0 0 0 0 243 213 0 0 0
1560610973 93545 0 561 0 0 0 0 158 0 0 820 0 0 0 0 243 216 0 0 0
1560611098 93545 0 561 0 0 0 0 158 0 0 820 0 0 0 0 243 216 0 0 0
1560654657 93986 0 561 0 0 0 0 158 0 0 820 0 0 0 0 243 216 0 0 0
1560669689 93986 0 561 0 0 0 0 158 0 0 820 0 0 0 0 243 216 0 0 0
1560676200 94154 0 561 0 0 0 0 158 0 0 820 0 0 0 0 243 216 0 0 0
1560676297 94155 0 561 0 0 0 0 158 0 0 820 0 0 0 0 243 216 0 0 0
1560687334 94243 0 561 0 0 0 0 158 0 0 820 0 0 0 0 243 216 0 0 0
1560692141 94500 0 561 0 0 0 0 158 0 0 820 0 0 0 0 243 216 0 0 0
1560735042 94523 0 561 0 0 0 0 158 0 0 820 0 0 0 0 243 216 0 0 0
1560746242 94523 0 667 0 0 0 0 158 0 0 820 0 0 0 0 243 216 0 0 0
1560746543 94523 0 667 0 0 0 0 158 0 0 820 0 0 0 0 243 216 0 0 0
1560761641 94523 0 675 0 0 0 0 158 0 0 820 0 0 0 0 243 216 0 0 0
1560764587 94523 0 675 0 0 0 0 158 0 0 820 0 0 0 0 243 216 0 0 0
1560764599 94523 0 675 0 0 0 0 158 0 0 820 0 0 0 0 243 216 0 0 0
1560863291 94523 0 675 0 0 0 53 158 0 0 820 0 0 0 0 243 216 0 0 0
1560866936 94523 0 675 0 0 0 53 158 0 0 820 0 0 0 0 254 216 0 0 0
1560912076 94523 0 675 0 0 0 53 158 0 0 820 0 0 0 0 279 216 0 0 0
1560914891 94523 0 675 0 0 0 109 158 0 0 820 0 0 0 0 279 216 0 0 0
1560916358 94523 0 675 0 0 0 121 158 0 0 820 0 0 0 0 279 216 0 0 0
1561007354 94523 0 675 0 0 0 121 158 0 0 820 0 0 0 0 279 216 0 0 0
1561033025 94523 0 675 0 0 0 121 158 0 0 820 0 0 0 0 279 216 0 0 0
1561042024 94529 0 675 0 0 0 121 158 0 0 820 0 0 0 0 279 216 0 0 0
1561085952 94529 0 712 0 0 0 121 158 0 0 820 0 0 0 0 279 216 0 0 0
1561097731 94529 0 712 0 0 0 121 158 0 0 820 0 0 0 0 279 216 0 0 0
1561097744 94529 0 712 0 0 0 121 158 0 0 820 0 0 0 0 279 216 0 0 0
1561127649 94542 0 712 0 0 0 121 158 0 0 820 0 0 0 0 279 216 0 0 0
1561127661 94542 0 712 0 0 0 121 158 0 0 820 0 0 0 0 279 216 0 0 0
1561176017 94640 0 712 0 0 0 121 158 0 0 820 0 0 0 0 279 216 0 0 0
1561260506 94740 0 712 0 0 0 121 158 0 0 820 0 0 0 0 279 216 0 0 0
1561260580 94968 0 712 0 0 0 121 158 0 0 820 0 0 0 0 279 216 0 0 0
1561269981 94968 0 712 0 0 0 121 158 0 0 820 0 0 0 0 279 216 0 0 0
1561269989 94968 0 712 0 0 0 121 158 0 0 820 0 0 0 0 279 216 0 0 0
1561354659 94995 0 712 0 0 0 121 158 0 0 820 0 0 0 0 279 216 0 0 0
1561354669 94995 0 712 0 0 0 121 158 0 0 820 0 0 0 0 279 216 0 0 0
1561362801 94995 0 712 0 0 0 166 158 0 0 820 0 0 0 0 279 216 0 0 0
1561364475 94995 0 712 0 0 0 166 158 0 0 820 0 0 0 0 279 216 0 0 0
1561364860 94995 0 712 0 0 0 209 158 0 0 820 0 0 0 0 279 216 0 0 0
1561366327 94995 0 712 0 0 0 209 158 0 0 820 0 0 0 0 362 216 0 0 0
1561367754 95060 0 712 0 0 0 209 158 0 0 820 0 0 0 0 362 216 0 0 0
1561367770 95060 0 712 0 0 0 209 158 0 0 820 0 0 0 0 362 216 0 0 0
1561384079 95060 0 712 0 0 0 302 158 0 0 820 0 0 0 0 362 216 0 0 0
1561384749 95060 0 712 0 0 0 347 158 0 0 820 0 0 0 0 362 216 0 0 0
1561385045 95099 0 712 0 0 0 347 158 0 0 820 0 0 0 0 362 216 0 0 0
1561432980 95099 0 738 0 0 0 347 158 0 0 820 0 0 0 0 362 216 0 0 0
1561453055 95118 0 738 0 0 0 347 158 0 0 820 0 0 0 0 362 216 0 0 0
1561460952 95123 0 738 0 0 0 347 158 0 0 820 0 0 0 0 362 216 0 0 0
1561470571 95123 0 777 0 0 0 347 158 0 0 820 0 0 0 0 362 216 0 0 0
1561516259 95189 0 777 0 0 0 347 158 0 0 820 0 0 0 0 362 216 0 0 0
1561531647 95189 0 1362 0 0 0 347 158 0 0 820 0 0 0 0 362 216 0 0 0
1561532353 95189 0 1362 0 0 0 347 158 0 0 820 0 0 0 0 362 216 0 0 0
1561540044 95189 0 1397 0 0 0 347 158 0 0 820 0 0 0 0 362 216 0 0 0
1561560147 95189 0 1568 0 0 0 347 158 0 0 820 0 0 0 0 362 216 0 0 0
1561560320 95189 0 1568 0 0 0 347 158 0 0 820 0 0 0 0 377 216 0 0 0
1561561120 95189 0 1568 0 0 0 347 158 0 0 820 0 0 0 0 377 216 0 0 0
1561613128 95189 0 1792 0 0 0 347 158 0 0 820 0 0 0 0 377 216 0 0 0
1561613826 95189 0 1794 0 0 0 347 158 0 0 820 0 0 0 0 377 216 0 0 0
1561625692 95189 0 1794 0 0 0 347 158 0 0 820 0 0 0 0 377 216 0 0 0
1561636515 95189 0 1798 0 0 0 347 158 0 0 820 0 0 0 0 377 216 0 0 0
1561644063 95189 0 1841 0 0 0 347 158 0 0 820 0 0 0 0 377 216 0 0 0
1561644135 95189 0 1841 0 0 0 347 158 0 0 820 0 0 0 0 377 216 0 0 0
1561644267 95189 0 1841 0 0 0 347 158 0 0 820 0 0 0 0 377 216 0 0 0
1561682831 95189 0 1841 0 0 0 347 158 0 0 820 0 0 0 0 377 216 0 0 0
1561687701 95189 0 1902 0 0 0 347 158 0 0 820 0 0 0 0 377 216 0 0 0
1561694514 95189 0 1915 0 0 0 347 158 0 0 820 0 0 0 0 377 216 0 0 0
1561702579 95189 0 1917 0 0 0 347 158 0 0 820 0 0 0 0 377 216 0 0 0
1561702755 95189 0 1917 0 0 0 347 158 0 0 820 0 0 0 0 377 216 0 0 0
1561703116 95189 0 1917 0 0 0 347 158 0 0 820 0 0 0 0 377 216 0 0 0
1561703135 95189 0 1917 0 0 0 347 158 0 0 820 0 0 0 0 377 216 0 0 0
1561703794 95189 0 1918 0 0 0 347 158 0 0 820 0 0 0 0 377 216 0 0 0
1561705186 95189 0 1919 0 0 0 347 158 0 0 820 0 0 0 0 377 216 0 0 0
1561714704 95189 0 1922 0 0 0 347 158 0 0 820 0 0 0 0 377 216 0 0 0
1562049822 95189 0 1934 0 0 0 347 158 0 0 820 0 0 0 0 377 216 0 0 0
1562571614 95189 0 1934 0 0 0 347 164 0 0 820 0 0 0 0 377 216 0 0 0
1562571650 95189 0 1934 0 0 0 347 165 0 0 820 0 0 0 0 377 216 0 0 0
1562679032 95189 0 2196 0 0 0 347 165 0 0 820 0 0 0 0 377 216 0 0 0
1562838811 95334 0 2196 0 0 0 347 165 0 0 820 0 0 0 0 377 216 0 0 0
1562838822 95334 0 2196 0 0 0 347 165 0 0 820 0 0 0 0 377 216 0 0 0
1562940153 95334 0 2993 0 0 0 347 165 0 0 820 0 0 0 0 377 216 0 0 0
1562940202 95334 0 2993 0 0 0 347 165 0 0 820 0 0 0 0 377 216 0 0 0
1562990322 95334 0 2993 0 0 0 470 165 0 0 820 0 0 0 0 377 216 0 0 0
1562990371 95334 0 2993 0 0 0 470 165 0 0 820 0 0 0 0 377 216 0 0 0
1562995930 95334 0 2993 0 0 0 535 165 0 0 820 0 0 0 0 377 216 0 0 0
1563333088 98006 0 2993 0 0 0 535 165 0 0 820 0 0 0 0 377 216 0 0 0
1563361345 98006 0 3008 0 0 0 535 165 0 0 820 0 0 0 0 377 216 0 0 0
1563455313 98022 0 3008 0 0 0 535 165 0 0 820 0 0 0 0 377 216 0 0 0
1563455322 98022 0 3008 0 0 0 535 165 0 0 820 0 0 0 0 377 216 0 0 0
1563455463 98025 0 3008 0 0 0 535 165 0 0 820 0 0 0 0 377 216 0 0 0
1563457171 98025 0 3027 0 0 0 535 165 0 0 820 0 0 0 0 377 216 0 0 0
1563605625 98025 0 3027 0 0 0 535 165 0 0 820 0 0 0 0 377 216 0 0 0
1563676732 98025 0 3029 0 0 0 535 165 0 0 820 0 0 0 0 377 216 0 0 0
1563677439 98048 0 3029 0 0 0 535 165 0 0 820 0 0 0 0 377 216 0 0 0
1563677836 98048 0 3030 0 0 0 535 165 0 0 820 0 0 0 0 377 216 0 0 0
1563794485 98048 0 3037 0 0 0 535 165 0 0 820 0 0 0 0 377 216 0 0 0
1563805291 98612 0 3037 0 0 0 535 165 0 0 820 0 0 0 0 377 216 0 0 0
1563890421 98612 0 3037 0 0 0 535 165 0 0 820 0 0 0 0 380 216 0 0 0
1563951370 98612 0 3043 0 0 0 535 165 0 0 820 0 0 0 0 380 216 0 0 0
1563980039 98612 0 3043 0 0 0 535 165 0 0 820 0 0 0 0 400 216 0 0 0
1563980106 98877 0 3043 0 0 0 535 165 0 0 820 0 0 0 0 400 216 0 0 0
1563980116 98877 0 3043 0 0 0 535 165 0 0 820 0 0 0 0 400 216 0 0 0
1564540782 98877 0 3043 0 0 0 535 165 0 0 820 0 0 0 0 400 216 18 0 0
1564541078 98877 0 3043 0 0 0 535 165 0 0 820 0 0 7 0 400 216 18 0 0
1564541092 98877 0 3043 0 0 0 535 165 0 0 820 0 0 7 0 400 216 18 0 0
1564541781 98877 0 3043 0 0 0 535 165 0 0 820 0 0 22 0 400 216 18 0 0
1564541951 98877 0 3043 0 0 0 535 165 0 0 820 0 0 22 0 400 216 18 0 0
1564652285 98877 0 3043 0 0 0 2105 165 0 0 820 0 0 22 0 400 216 18 0 0
1564652571 98877 0 3043 0 0 0 2112 165 0 0 820 0 0 22 0 400 216 18 0 0
1564997910 98877 0 3043 0 0 0 2482 165 0 0 820 0 0 22 0 400 216 18 0 0
1565005066 98877 0 3043 0 0 0 2482 165 0 0 820 0 0 22 0 400 216 22 0 0
1565062618 98877 0 3043 0 0 0 2489 165 0 0 820 0 0 22 0 400 216 22 0 0
1565173153 98877 0 3043 0 0 0 2489 165 0 0 820 0 0 22 0 400 216 22 0 0
1565173588 98877 0 3043 0 0 0 2489 165 0 0 820 0 0 22 0 400 216 22 0 0
1565594990 98877 0 3043 0 0 0 2499 165 0 0 820 0 0 22 0 400 216 22 0 0
1565837782 98877 0 3043 0 0 0 2499 165 0 0 820 0 0 22 0 400 216 22 0 0
1565838277 98877 0 3043 0 0 0 2499 165 0 0 820 0 0 31 0 400 216 22 0 0
1565839181 98877 0 3043 0 0 0 2499 165 0 0 820 0 0 37 0 400 216 22 0 0
1565839493 98877 0 3043 0 0 0 2499 165 0 0 820 0 0 37 0 400 216 22 0 0
1565839693 98877 0 3043 0 0 0 2499 165 0 0 820 0 0 37 0 400 216 22 0 0
1566012675 98877 0 3043 0 0 0 2499 165 0 0 820 0 0 37 0 400 216 29 0 0
1566029027 98877 0 3043 0 0 0 2499 165 0 0 820 0 0 37 0 400 216 76 0 0
1566140964 98877 0 3043 0 0 0 2499 165 0 0 820 0 0 37 0 405 216 76 0 0
1566141268 98877 0 3043 0 0 0 2499 165 0 0 820 0 0 37 0 405 216 76 0 0
1566221369 100241 0 3043 0 0 0 2499 165 0 0 820 0 0 37 0 405 216 76 0 0
1566221396 100241 0 3043 0 0 0 2499 165 0 0 820 0 0 37 0 405 216 76 0 0
1566307539 100241 0 3146 0 0 0 2499 165 0 0 820 0 0 37 0 405 216 76 0 0
1566307896 100582 0 3146 0 0 0 2499 165 0 0 820 0 0 37 0 405 216 76 0 0
1566311145 100582 0 3148 0 0 0 2499 165 0 0 820 0 0 37 0 405 216 76 0 0
1566311154 100582 0 3148 0 0 0 2499 165 0 0 820 0 0 37 0 405 216 76 0 0
1566311356 100582 0 3190 0 0 0 2499 165 0 0 820 0 0 37 0 405 216 76 0 0
1566311519 100582 0 3191 0 0 0 2499 165 0 0 820 0 0 37 0 405 216 76 0 0
1566355085 100582 0 3191 0 0 0 2499 165 0 0 820 0 0 37 0 405 216 76 0 0
1566371442 100585 0 3191 0 0 0 2499 165 0 0 820 0 0 37 0 405 216 76 0 0
1566373675 100585 0 3207 0 0 0 2499 165 0 0 820 0 0 37 0 405 216 76 0 0
1566382642 100585 0 3208 0 0 0 2499 165 0 0 820 0 0 37 0 405 216 76 0 0
1566396565 100585 0 3244 0 0 0 2499 165 0 0 820 0 0 37 0 405 216 76 0 0
1566460789 100585 0 3249 0 0 0 2499 165 0 0 820 0 0 37 0 405 216 76 0 0
1566701419 100585 0 3255 0 0 0 2499 165 0 0 820 0 0 37 0 405 216 76 0 0
1566721976 100585 0 3255 0 0 0 2499 165 0 0 820 0 0 37 0 2674 216 76 0 0
1566722104 100585 0 3255 0 0 0 2499 165 0 0 820 0 0 37 0 2674 216 76 0 0
1566822574 100585 0 3262 0 0 0 2499 165 0 0 820 0 0 37 0 2674 216 76 0 0
1566822702 100585 0 4011 0 0 0 2499 165 0 0 820 0 0 37 0 2674 216 76 0 0
1566822727 100585 0 4011 0 0 0 2499 165 0 0 820 0 0 37 0 2674 216 76 0 0
1566827349 100585 0 4620 0 0 0 2499 165 0 0 820 0 0 37 0 2674 216 76 0 0
1566888949 100585 0 4620 0 0 0 2499 165 0 0 820 0 0 37 0 2674 216 76 0 0
1566901969 100585 0 4678 0 0 0 2499 165 0 0 820 0 0 37 0 2674 216 76 0 0
1566902045 100585 0 4678 0 0 0 2499 165 0 0 820 0 0 37 0 2674 216 76 0 0
1566902225 100585 0 4736 0 0 0 2499 165 0 0 820 0 0 37 0 2674 216 76 0 0
1566905830 100585 0 4740 0 0 0 2499 165 0 0 820 0 0 37 0 2674 216 76 0 0
1566915722 100585 0 4812 0 0 0 2499 165 0 0 820 0 0 37 0 2674 216 76 0 0
1566981706 100585 0 4812 0 0 0 2499 165 0 0 820 0 0 37 0 2674 216 149 0 0
1567044531 100585 0 4818 0 0 0 2499 165 0 0 820 0 0 37 0 2674 216 149 0 0
1567047194 100585 0 4818 0 0 0 2499 165 0 0 820 0 0 37 0 2674 216 193 0 0
1567132530 100587 0 4818 0 0 0 2499 165 0 0 820 0 0 37 0 2674 216 193 0 0
1567136266 100587 0 4818 0 0 0 2499 165 0 0 820 0 0 37 0 2674 216 228 0 0
1567147281 100587 0 4818 0 0 0 2499 165 0 0 820 0 0 37 0 2674 216 228 0 0
1567149626 100587 0 4818 0 0 0 2499 165 0 0 820 0 0 37 0 2674 216 234 0 0
1567169063 100587 0 4818 0 0 0 2542 165 0 0 820 0 0 37 0 2674 216 234 0 0
1567234432 100587 0 4910 0 0 0 2542 165 0 0 820 0 0 37 0 2674 216 234 0 0
1567235743 100587 0 4926 0 0 0 2542 165 0 0 820 0 0 37 0 2674 216 234 0 0
1567239432 100587 0 4926 0 0 0 2542 165 0 0 820 0 0 166 0 2674 216 234 0 0
1567301061 100587 0 4926 0 0 0 2542 165 0 0 820 0 0 166 0 2674 216 234 0 0
1567307279 100587 0 5240 0 0 0 2542 165 0 0 820 0 0 166 0 2674 216 234 0 0
1567309754 100587 0 5280 0 0 0 2542 165 0 0 820 0 0 166 0 2674 216 234 0 0
1567324440 100587 0 6226 0 0 0 2542 165 0 0 820 0 0 166 0 2674 216 234 0 0
1567324922 100587 0 6232 0 0 0 2542 165 0 0 820 0 0 166 0 2674 216 234 0 0
1567330210 100587 0 6255 0 0 0 2542 165 0 0 820 0 0 166 0 2674 216 234 0 0
1567401897 100671 0 6255 0 0 0 2542 165 0 0 820 0 0 166 0 2674 216 234 0 0
1567404555 100696 0 6255 0 0 0 2542 165 0 0 820 0 0 166 0 2674 216 234 0 0
1567406545 100714 0 6255 0 0 0 2542 165 0 0 820 0 0 166 0 2674 216 234 0 0
1567408610 100714 0 6255 0 0 0 3345 165 0 0 820 0 0 166 0 2674 216 234 0 0
1567416749 100714 0 6255 0 0 0 3352 165 0 0 820 0 0 166 0 2674 216 234 0 0
1567482983 100802 0 6255 0 0 0 3352 165 0 0 820 0 0 166 0 2674 216 234 0 0
1567492855 100802 0 6255 0 0 0 3354 165 0 0 820 0 0 166 0 2674 216 234 0 0
1567499194 100802 0 6255 0 0 0 3372 165 0 0 820 0 0 166 0 2674 216 234 0 0
1567503438 100802 0 6255 0 0 0 3424 165 0 0 820 0 0 166 0 2674 216 234 0 0
1567512238 100802 0 6255 0 0 0 3425 165 0 0 820 0 0 166 0 2674 216 234 0 0
1567516864 100802 0 6255 0 0 0 3431 165 0 0 820 0 0 166 0 2674 216 234 0 0
1567566977 100805 0 6255 0 0 0 3431 165 0 0 820 0 0 166 0 2674 216 234 0 0
1567598921 100805 0 6255 0 0 0 4445 165 0 0 820 0 0 166 0 2674 216 234 0 0
1567601427 100805 0 6255 0 0 0 4458 165 0 0 820 0 0 166 0 2674 216 234 0 0
1567675228 100805 0 6255 0 0 0 4468 165 0 0 820 0 0 166 0 2674 216 234 0 0
1567755536 100805 0 9935 0 0 0 4468 165 0 0 820 0 0 166 0 2674 216 234 0 0
1567755541 100805 0 9935 0 0 0 4468 165 0 0 820 0 0 166 0 2674 216 234 0 0
1567757512 100805 0 9943 0 0 0 4468 165 0 0 820 0 0 166 0 2674 216 234 0 0
1567907446 100805 0 9964 0 0 0 4468 165 0 0 820 0 0 166 0 2674 216 234 0 0
1567910533 100805 0 10001 0 0 0 4468 165 0 0 820 0 0 166 0 2674 216 234 0 0
1567910661 100805 0 10007 0 0 0 4468 165 0 0 820 0 0 166 0 2674 216 234 0 0
1567910665 100805 0 10007 0 0 0 4468 165 0 0 820 0 0 166 0 2674 216 234 0 0
1567912520 100805 0 10012 0 0 0 4468 165 0 0 820 0 0 166 0 2674 216 234 0 0
1567945178 100805 0 10012 0 0 0 4468 239 0 0 820 0 0 166 0 2674 216 234 0 0
1567946906 100805 0 10023 0 0 0 4468 239 0 0 820 0 0 166 0 2674 216 234 0 0
1568199850 100805 0 10109 0 0 0 4468 239 0 0 820 0 0 166 0 2674 216 234 0 0
1568209119 100805 0 10109 0 0 0 4468 286 0 0 820 0 0 166 0 2674 216 234 0 0
1568256680 100805 0 10135 0 0 0 4468 286 0 0 820 0 0 166 0 2674 216 234 0 0
1568256689 100805 0 10135 0 0 0 4468 286 0 0 820 0 0 166 0 2674 216 234 0 0
1568340526 100809 0 10135 0 0 0 4468 286 0 0 820 0 0 166 0 2674 216 234 0 0
1568563761 100809 0 10135 0 0 0 4470 286 0 0 820 0 0 166 0 2674 216 234 0 0
1568574265 100809 0 10135 0 0 0 4512 286 0 0 820 0 0 166 0 2674 216 234 0 0
1568690493 100809 0 10135 0 0 0 4512 286 0 0 820 0 0 166 0 2674 216 234 0 0
1568701001 100809 0 10135 0 0 0 4512 286 0 0 820 0 0 166 0 2674 216 234 0 0
1568796128 100809 0 10138 0 0 0 4512 286 0 0 820 0 0 166 0 2674 216 234 0 0
1568814536 100809 0 10138 0 0 0 4512 338 0 0 820 0 0 166 0 2674 216 234 0 0
1568816808 100809 0 10138 0 0 0 4512 362 0 0 820 0 0 166 0 2674 216 234 0 0
1568896143 100809 0 11046 0 0 0 4512 362 0 0 820 0 0 166 0 2674 216 234 0 0
1568896185 100809 0 11046 0 0 0 4512 362 0 0 820 0 0 166 0 2674 216 234 0 0
1568904348 100825 0 11046 0 0 0 4512 362 0 0 820 0 0 166 0 2674 216 234 0 0
1568909508 100825 0 11046 0 0 0 4512 366 0 0 820 0 0 166 0 2674 216 234 0 0
1568909637 100825 0 11046 0 0 0 4512 370 0 0 820 0 0 166 0 2674 216 234 0 0
1568954119 100825 0 11046 0 0 0 4512 374 0 0 820 0 0 166 0 2674 216 234 0 0
1568954161 100825 0 11046 0 0 0 4512 378 0 0 820 0 0 166 0 2674 216 234 0 0
1568955130 100828 0 11046 0 0 0 4512 378 0 0 820 0 0 166 0 2674 216 234 0 0
1568955145 100828 0 11046 0 0 0 4512 378 0 0 820 0 0 166 0 2674 216 234 0 0
1568970399 100828 0 11046 0 0 0 4512 378 0 0 820 0 0 166 0 2674 216 234 0 0
1568992118 100828 0 11046 0 0 0 4512 397 0 0 820 0 0 166 0 2674 216 234 0 0
1569029200 100828 0 11046 0 0 0 4512 397 0 0 820 0 0 166 0 2674 216 240 0 0
1569036056 100828 0 11046 0 0 0 4512 397 0 0 820 0 0 166 0 2674 216 240 0 0
1569054199 100828 0 11046 0 0 0 4512 397 0 0 820 0 0 166 0 2674 216 240 0 0
1569054493 100828 0 11046 0 0 0 4512 410 0 0 820 0 0 166 0 2674 216 240 0 0
1569055277 100828 0 11046 0 0 0 4512 413 0 0 820 0 0 166 0 2674 216 240 0 0
1569167681 100828 0 11046 0 0 0 4512 458 0 0 820 0 0 166 0 2674 216 240 0 0
1569167771 100828 0 11046 0 0 0 4512 458 0 0 820 0 0 167 0 2674 216 240 0 0
1569167793 100828 0 11046 0 0 0 4512 458 0 0 820 0 0 167 0 2674 216 240 0 0
1569229277 102911 0 11046 0 0 0 4512 458 0 0 820 0 0 167 0 2674 216 240 0 0
1569253937 102911 0 11046 0 0 0 4512 462 0 0 820 0 0 167 0 2674 216 240 0 0
1569305262 102911 0 11046 0 0 0 4512 462 0 0 820 0 0 167 0 2674 216 240 0 0
1569306397 102912 0 11046 0 0 0 4512 462 0 0 820 0 0 167 0 2674 216 240 0 0
1569384389 103006 0 11046 0 0 0 4512 462 0 0 820 0 0 167 0 2674 216 240 0 0
1569462801 103006 0 11046 0 0 0 4512 462 0 0 820 0 0 194 0 2674 216 240 0 0
1569462929 103006 0 11046 0 0 0 4512 478 0 0 820 0 0 194 0 2674 216 240 0 0
1569463053 103006 0 11046 0 0 0 4512 482 0 0 820 0 0 194 0 2674 216 240 0 0
1569552508 103071 0 11046 0 0 0 4512 482 0 0 820 0 0 194 0 2674 216 240 0 0
1569576562 103838 0 11046 0 0 0 4512 482 0 0 820 0 0 194 0 2674 216 240 0 0
1569659118 103838 0 11046 0 0 0 4512 482 0 0 820 0 0 194 0 2674 216 240 0 0
1570461752 103838 0 11046 0 0 0 4512 482 0 0 820 0 0 198 0 2674 216 240 0 0
1570552579 103838 0 11046 0 0 0 4512 482 0 0 820 0 0 222 0 2674 216 240 0 0
1570583759 103838 0 11047 0 0 0 4512 482 0 0 820 0 0 222 0 2674 216 240 0 0
1570585193 103838 0 11047 0 0 0 4512 482 0 0 820 0 0 222 0 2674 216 248 0 0
1570590461 103838 0 11112 0 0 0 4512 482 0 0 820 0 0 222 0 2674 216 248 0 0
1570598029 103838 0 11112 0 0 0 4512 482 0 0 820 0 0 235 0 2674 216 248 0 0
1570613553 103877 0 11112 0 0 0 4512 482 0 0 820 0 0 235 0 2674 216 248 0 0
1570613584 103877 0 11112 0 0 0 4512 482 0 0 820 0 0 235 0 2674 216 248 0 0
1570614089 103877 0 11112 0 0 0 4556 482 0 0 820 0 0 235 0 2674 216 248 0 0
1570614111 103877 0 11112 0 0 0 4556 482 0 0 820 0 0 235 0 2674 216 248 0 0
1570622896 103878 0 11112 0 0 0 4556 482 0 0 820 0 0 235 0 2674 216 248 0 0
1570622913 103878 0 11112 0 0 0 4556 482 0 0 820 0 0 235 0 2674 216 248 0 0
1570637483 103878 0 11112 0 0 0 4556 482 0 0 820 0 0 244 0 2674 216 248 0 0
1570675978 103878 0 11113 0 0 0 4556 482 0 0 820 0 0 244 0 2674 216 248 0 0
1570675993 103878 0 11113 0 0 0 4556 482 0 0 820 0 0 244 0 2674 216 248 0 0
1570709133 103878 0 11113 0 0 0 4556 482 0 0 820 0 0 244 0 2674 216 248 0 0
1570709394 103878 0 11113 0 0 0 4556 482 0 0 820 0 0 244 0 2674 216 248 0 0
1570767139 103878 0 11113 0 0 0 4556 487 0 0 820 0 0 244 0 2674 216 248 0 0
1570774210 103878 0 11159 0 0 0 4556 487 0 0 820 0 0 244 0 2674 216 248 0 0
1570774220 103878 0 11159 0 0 0 4556 487 0 0 820 0 0 244 0 2674 216 248 0 0
1570850291 103878 0 11159 0 0 0 4570 487 0 0 820 0 0 244 0 2674 216 248 0 0
1570850346 103878 0 11159 0 0 0 4570 487 0 0 820 0 0 244 0 2674 216 248 0 0
1570850371 104244 0 11159 0 0 0 4570 487 0 0 820 0 0 244 0 2674 216 248 0 0
1570850666 104244 0 11159 0 0 0 4570 487 0 0 820 0 0 244 0 2674 216 248 0 0
1570969532 104244 0 11159 0 0 0 4570 487 0 0 820 0 0 244 0 2674 216 248 0 0
1570970313 104244 0 11159 0 0 0 4570 487 0 0 820 0 0 244 0 2674 216 257 0 0
1570971163 104244 0 11159 0 0 0 4570 487 0 0 820 0 0 244 0 2674 216 265 0 0
1570976752 104248 0 11159 0 0 0 4570 487 0 0 820 0 0 244 0 2674 216 265 0 0
1571020645 104248 0 11159 0 0 0 4570 487 0 0 820 0 0 244 0 2674 216 265 0 0
1571021809 104248 0 11159 0 0 0 4570 517 0 0 820 0 0 244 0 2674 216 265 0 0
1571128967 104248 0 11159 0 0 0 4570 517 0 0 820 0 0 247 0 2674 216 265 0 0
1571129069 104261 0 11159 0 0 0 4570 517 0 0 820 0 0 247 0 2674 216 265 0 0
1571129081 104261 0 11159 0 0 0 4570 517 0 0 820 0 0 247 0 2674 216 265 0 0
1571133073 104318 0 11159 0 0 0 4570 517 0 0 820 0 0 247 0 2674 216 265 0 0
1571149626 104318 0 11159 0 0 0 4570 517 0 0 820 0 0 247 0 2674 216 265 0 0
1571190754 104318 0 11159 0 0 0 4570 517 0 0 820 0 0 247 0 2674 216 265 0 0
1571195998 104356 0 11159 0 0 0 4570 517 0 0 820 0 0 247 0 2674 216 265 0 0
1571196007 104356 0 11159 0 0 0 4570 517 0 0 820 0 0 247 0 2674 216 265 0 0
1571196305 104358 0 11159 0 0 0 4570 517 0 0 820 0 0 247 0 2674 216 265 0 0
1571236478 104358 0 11159 0 0 0 4570 517 0 0 820 0 0 247 979 2674 216 265 0 0
1571236760 104358 0 11159 0 0 0 4570 517 0 0 820 0 0 247 979 2674 216 265 0 0
1571237604 104358 0 11159 0 0 0 4570 517 0 0 820 0 0 247 991 2674 216 265 0 0
1571279872 104366 0 11159 0 0 0 4570 517 0 0 820 0 0 247 991 2674 216 265 0 0
1571279883 104366 0 11159 0 0 0 4570 517 0 0 820 0 0 247 991 2674 216 265 0 0
1571282408 104366 0 11573 0 0 0 4570 517 0 0 820 0 0 247 991 2674 216 265 0 0
1571282446 104366 0 11573 0 0 0 4570 517 0 0 820 0 0 247 991 2674 216 265 0 0
1571282724 104419 0 11573 0 0 0 4570 517 0 0 820 0 0 247 991 2674 216 265 0 0
1571297743 104419 0 11595 0 0 0 4570 517 0 0 820 0 0 247 991 2674 216 265 0 0
1571297751 104419 0 11595 0 0 0 4570 517 0 0 820 0 0 247 991 2674 216 265 0 0
1571297905 104419 0 11597 0 0 0 4570 517 0 0 820 0 0 247 991 2674 216 265 0 0
1571301916 104419 0 11716 0 0 0 4570 517 0 0 820 0 0 247 991 2674 216 265 0 0
1571325237 104426 0 11716 0 0 0 4570 517 0 0 820 0 0 247 991 2674 216 265 0 0
1571325253 104426 0 11716 0 0 0 4570 517 0 0 820 0 0 247 991 2674 216 265 0 0
1571372904 104426 0 12455 0 0 0 4570 517 0 0 820 0 0 247 991 2674 216 265 0 0
1571373023 104426 0 12455 0 0 0 4570 517 0 0 820 0 0 247 991 2674 216 265 0 0
1571382726 104426 0 12460 0 0 0 4570 517 0 0 820 0 0 247 991 2674 216 265 0 0
1571384993 104426 0 12480 0 0 0 4570 517 0 0 820 0 0 247 991 2674 216 265 0 0
1571389936 104426 0 12482 0 0 0 4570 517 0 0 820 0 0 247 991 2674 216 265 0 0
1571394718 104426 0 12482 0 0 45 4570 517 0 0 820 0 0 247 991 2674 216 265 0 0
1571456782 104455 0 12482 0 0 45 4570 517 0 0 820 0 0 247 991 2674 216 265 0 0
1571477393 104476 0 12482 0 0 45 4570 517 0 0 820 0 0 247 991 2674 216 265 0 0
1571492876 104476 0 12482 0 0 45 4570 517 0 0 820 0 0 247 991 2674 216 374 0 0
1571645484 104476 0 12482 0 0 64 4570 517 0 0 820 0 0 247 991 2674 216 374 0 0
1571646131 104476 0 12482 0 0 64 4570 517 0 0 820 0 0 247 991 2674 216 374 0 0
1571647372 104476 0 12482 0 0 79 4570 517 0 0 820 0 0 247 991 2674 216 374 0 0
1571660237 104773 0 12482 0 0 79 4570 517 0 0 820 0 0 247 991 2674 216 374 0 0
1571661073 104778 0 12482 0 0 79 4570 517 0 0 820 0 0 247 991 2674 216 374 0 0
1571801408 104826 0 12482 0 0 79 4570 517 0 0 820 0 0 247 991 2674 216 374 0 0
1571906249 105163 0 12482 0 0 79 4570 517 0 0 820 0 0 247 991 2674 216 374 0 0
1571907648 105163 0 12482 0 0 158 4570 517 0 0 820 0 0 247 991 2674 216 374 0 0
1571908572 105163 0 12482 0 0 158 4570 517 0 0 820 0 0 247 991 2674 216 374 0 0
1571970949 105163 0 12482 0 0 186 4570 517 0 0 820 0 0 247 991 2674 216 374 0 0
1571974105 105163 0 12482 0 0 186 4613 517 0 0 820 0 0 247 991 2674 216 374 0 0
1571977574 105163 0 12482 0 0 237 4613 517 0 0 820 0 0 247 991 2674 216 374 0 0
1571983619 105163 0 12482 0 0 238 4613 517 0 0 820 0 0 247 991 2674 216 374 0 0
1571997582 105163 0 12482 0 0 238 4616 517 0 0 820 0 0 247 991 2674 216 374 0 0
1572060622 105163 0 12482 0 0 244 4616 517 0 0 820 0 0 247 991 2674 216 374 0 0
1572060947 105163 0 12482 0 0 244 4616 517 0 0 820 0 0 247 991 2674 216 374 0 0
1572080263 105205 0 12482 0 0 244 4616 517 0 0 820 0 0 247 991 2674 216 374 0 0
1572080280 105205 0 12482 0 0 244 4616 517 0 0 820 0 0 247 991 2674 216 374 0 0
1572080906 105983 0 12482 0 0 244 4616 517 0 0 820 0 0 247 991 2674 216 374 0 0
1572081220 105984 0 12482 0 0 244 4616 517 0 0 820 0 0 247 991 2674 216 374 0 0
1572097308 106000 0 12482 0 0 244 4616 517 0 0 820 0 0 247 991 2674 216 374 0 0
1572141139 106004 0 12482 0 0 244 4616 517 0 0 820 0 0 247 991 2674 216 374 0 0
1572141700 106022 0 12482 0 0 244 4616 517 0 0 820 0 0 247 991 2674 216 374 0 0
1572147548 106022 0 12482 0 0 325 4616 517 0 0 820 0 0 247 991 2674 216 374 0 0
1572147557 106022 0 12482 0 0 325 4616 517 0 0 820 0 0 247 991 2674 216 374 0 0
1572158369 106462 0 12482 0 0 325 4616 517 0 0 820 0 0 247 991 2674 216 374 0 0
1572158435 106462 0 12482 0 0 325 4616 517 0 0 820 0 0 247 991 2674 216 374 0 0
1572186778 106462 0 12482 0 0 325 4616 554 0 0 820 0 0 247 991 2674 216 374 0 0
1572186811 106891 0 12482 0 0 325 4616 554 0 0 820 0 0 247 991 2674 216 374 0 0
1572186824 106891 0 12482 0 0 325 4616 554 0 0 820 0 0 247 991 2674 216 374 0 0
1572187553 106891 0 12482 0 0 325 4616 554 0 0 820 0 0 247 991 2674 216 374 0 0
1572333066 106894 0 12482 0 0 325 4616 554 0 0 820 0 0 247 991 2674 216 374 0 0
1572334229 106899 0 12482 0 0 325 4616 554 0 0 820 0 0 247 991 2674 216 374 0 0
1572334951 106902 0 12482 0 0 325 4616 554 0 0 820 0 0 247 991 2674 216 374 0 0
1572341243 106920 0 12482 0 0 325 4616 554 0 0 820 0 0 247 991 2674 216 374 0 0
1572341620 106920 0 12486 0 0 325 4616 554 0 0 820 0 0 247 991 2674 216 374 0 0
1572426408 106920 0 12486 0 0 1717 4616 554 0 0 820 0 0 247 991 2674 216 374 0 0
1572426561 106920 0 12486 0 0 1717 4616 554 0 0 820 0 0 247 991 2674 216 374 0 0
1572488161 106947 0 12486 0 0 1717 4616 554 0 0 820 0 0 247 991 2674 216 374 0 0
1572488171 106947 0 12486 0 0 1717 4616 554 0 0 820 0 0 247 991 2674 216 374 0 0
1572497010 107094 0 12486 0 0 1717 4616 554 0 0 820 0 0 247 991 2674 216 374 0 0
1572515921 107102 0 12486 0 0 1717 4616 554 0 0 820 0 0 247 991 2674 216 374 0 0
1572528715 107112 0 12486 0 0 1717 4616 554 0 0 820 0 0 247 991 2674 216 374 0 0
1572530018 107112 0 12486 0 0 1768 4616 554 0 0 820 0 0 247 991 2674 216 374 0 0
1572530096 107112 0 12486 0 0 1768 4616 554 0 0 820 0 0 247 991 2674 216 374 0 0
1572532668 107112 0 12486 0 0 1768 4616 554 0 0 820 0 0 247 991 2674 216 374 0 0
1572577799 107112 0 12486 0 0 1783 4616 554 0 0 820 0 0 247 991 2674 216 374 0 0
1572594441 107112 0 12486 0 0 2345 4616 554 0 0 820 0 0 247 991 2674 216 374 0 0
1572600254 107112 0 12486 0 0 2345 4616 554 0 0 820 0 0 247 991 3213 216 374 0 0
1572600299 107112 0 12486 0 0 2345 4616 554 0 0 820 0 0 247 991 3213 216 374 0 0
1572667800 107166 0 12486 0 0 2345 4616 554 0 0 820 0 0 247 991 3213 216 374 0 0
1572667812 107166 0 12486 0 0 2345 4616 554 0 0 820 0 0 247 991 3213 216 374 0 0
1572672146 107166 0 12486 0 0 2345 4616 567 0 0 820 0 0 247 991 3213 216 374 0 0
1572747811 107315 0 12486 0 0 2345 4616 567 0 0 820 0 0 247 991 3213 216 374 0 0
1572778556 107328 0 12486 0 0 2345 4616 567 0 0 820 0 0 247 991 3213 216 374 0 0
1572780436 107328 0 12486 0 0 2345 4616 568 0 0 820 0 0 247 991 3213 216 374 0 0
1572871474 107328 0 12486 0 0 2345 4616 568 0 0 820 0 0 247 991 3213 216 374 0 0
1572875808 107328 0 12486 0 0 2356 4616 568 0 0 820 0 0 247 991 3213 216 374 0 0
1572876903 107328 0 12486 0 0 2372 4616 568 0 0 820 0 0 247 991 3213 216 374 0 0
1572877111 107328 0 12486 0 0 2372 4616 568 0 0 820 0 0 247 991 3213 216 374 0 0
1572941323 107328 0 12486 0 0 2378 4616 568 0 0 820 0 0 247 991 3213 216 374 0 0
1572955176 107328 0 12486 0 0 2378 4616 589 0 0 820 0 0 247 991 3213 216 374 0 0
1572960771 107328 0 12486 0 0 2385 4616 589 0 0 820 0 0 247 991 3213 216 374 0 0
1572961169 107328 0 12486 0 0 2385 4616 620 0 0 820 0 0 247 991 3213 216 374 0 0
1572961706 107328 0 12486 0 0 2394 4616 620 0 0 820 0 0 247 991 3213 216 374 0 0
1572962068 107328 0 12486 0 0 2394 4616 620 0 0 820 0 0 247 991 3213 216 374 0 0
1572962497 107328 0 12486 0 0 2394 4616 620 0 0 820 0 0 249 991 3213 216 374 0 0
1573031111 107328 0 12508 0 0 2394 4616 620 0 0 820 0 0 249 991 3213 216 374 0 0
1573031577 107328 0 12508 0 0 2394 4616 620 0 0 820 0 0 249 991 3213 216 374 0 0
1573091735 107457 0 12508 0 0 2394 4616 620 0 0 820 0 0 249 991 3213 216 374 0 0
1573091748 107457 0 12508 0 0 2394 4616 620 0 0 820 0 0 249 991 3213 216 374 0 0
1573093289 107546 0 12508 0 0 2394 4616 620 0 0 820 0 0 249 991 3213 216 374 0 0
1573094700 107568 0 12508 0 0 2394 4616 620 0 0 820 0 0 249 991 3213 216 374 0 0
1573097356 107568 0 12508 0 0 2394 4616 620 0 0 820 0 0 249 991 3213 216 374 0 0
1573116769 107568 0 12508 0 0 2394 4616 620 0 0 820 0 0 249 991 3213 216 374 0 0
1573117242 107568 0 12508 0 0 2394 4616 620 0 0 820 0 0 249 991 3213 216 374 0 0
1573218952 107568 0 12508 0 0 2413 4616 620 0 0 820 0 0 249 991 3213 216 374 0 0
1573219521 107568 0 12508 0 0 2413 4616 620 0 0 820 0 0 249 991 3213 216 374 0 0
1573219761 107568 0 12508 0 0 2413 4616 620 0 0 820 0 0 249 991 3213 216 374 0 0
1573293149 107568 0 12508 0 0 2417 4616 620 0 0 820 0 0 249 991 3213 216 374 0 0
1573303029 107568 0 12508 0 0 2424 4616 620 0 0 820 0 0 249 991 3213 216 374 0 0
1573306608 107568 0 12508 0 0 2454 4616 620 0 0 820 0 0 249 991 3213 216 374 0 0
1573309665 107568 0 12508 0 0 2454 4616 620 0 0 820 0 0 249 991 3213 216 374 0 0
1573309835 107568 0 12508 0 0 2454 4616 620 0 0 820 0 0 249 991 3213 216 374 0 0
1573464995 107568 0 12508 0 0 2464 4616 620 0 0 820 0 0 249 991 3213 216 374 0 0
1573480153 107581 0 12508 0 0 2464 4616 620 0 0 820 0 0 249 991 3213 216 374 0 0
1573480309 107581 0 12508 0 0 2464 4616 620 0 0 820 0 0 249 991 3213 216 374 0 0
1573532789 107660 0 12508 0 0 2464 4616 620 0 0 820 0 0 249 991 3213 216 374 0 0
1573549671 107804 0 12508 0 0 2464 4616 620 0 0 820 0 0 249 991 3213 216 374 0 0
1573549910 107804 0 12508 0 0 2464 4616 620 0 0 820 0 0 249 991 3213 216 374 0 0
1573549916 107804 0 12508 0 0 2464 4616 620 0 0 820 0 0 249 991 3213 216 374 0 0
1573557589 107808 0 12508 0 0 2464 4616 620 0 0 820 0 0 249 991 3213 216 374 0 0
1573557598 107808 0 12508 0 0 2464 4616 620 0 0 820 0 0 249 991 3213 216 374 0 0
1573611844 107808 0 12508 0 0 2464 4616 620 0 0 820 0 0 249 991 3213 216 374 0 0
1573612864 107808 0 12508 0 0 2482 4616 620 0 0 820 0 0 249 991 3213 216 374 0 0
1573613047 107808 0 12508 0 0 2482 4616 620 0 0 820 0 0 249 991 3213 216 374 0 0
1573636843 107808 0 12508 0 0 2494 4616 620 0 0 820 0 0 249 991 3213 216 374 0 0
1573699817 107808 0 12508 0 0 2494 4616 620 0 0 820 0 0 249 991 3213 216 374 0 0
1573700010 107808 0 12508 0 0 2494 4616 620 0 0 820 0 0 249 991 3213 216 374 0 0
1573717947 107813 0 12508 0 0 2494 4616 620 0 0 820 0 0 249 991 3213 216 374 0 0
1573718009 107813 0 12508 0 0 2494 4616 620 0 0 820 0 0 249 991 3213 216 374 0 0
1573722368 107849 0 12508 0 0 2494 4616 620 0 0 820 0 0 249 991 3213 216 374 0 0
1573722915 107850 0 12508 0 0 2494 4616 620 0 0 820 0 0 249 991 3213 216 374 0 0
1574345326 107850 0 12508 0 0 2515 4616 620 0 0 820 0 0 249 991 3213 216 374 0 0
1574345455 107850 0 12508 0 0 3044 4616 620 0 0 820 0 0 249 991 3213 216 374 0 0
1574389312 107850 0 12508 0 0 3057 4616 620 0 0 820 0 0 249 991 3213 216 374 0 0
1574393082 107850 0 12508 0 0 3062 4616 620 0 0 820 0 0 249 991 3213 216 374 0 0
1574393629 107850 0 12508 0 0 3063 4616 620 0 0 820 0 0 249 991 3213 216 374 0 0
1574399949 107850 0 12508 0 0 3090 4616 620 0 0 820 0 0 249 991 3213 216 374 0 0
1574428960 107850 0 12508 0 0 3105 4616 620 0 0 820 0 0 249 991 3213 216 374 0 0
1574604334 107859 0 12508 0 0 3105 4616 620 0 0 820 0 0 249 991 3213 216 374 0 0
1574652425 107859 355 12508 0 0 3105 4616 620 0 0 820 0 0 249 991 3213 216 374 0 0
1574669777 107859 431 12508 0 0 3105 4616 620 0 0 820 0 0 249 991 3213 216 374 0 0
1574682947 107859 431 12508 0 0 3105 4616 620 0 0 820 0 0 249 991 3213 216 374 0 0
1574686560 107859 431 13059 0 0 3105 4616 620 0 0 820 0 0 249 991 3213 216 374 0 0
1574689535 107859 431 13059 0 0 3163 4616 620 0 0 820 0 0 249 991 3213 216 374 0 0
1574689663 107859 431 13059 0 0 3163 4616 620 0 0 820 0 0 249 991 3213 216 374 0 0
1574691422 107859 463 13059 0 0 3163 4616 620 0 0 820 0 0 249 991 3213 216 374 0 0
1574691432 107859 463 13059 0 0 3163 4616 620 0 0 820 0 0 249 991 3213 216 374 0 0
1574850015 107859 463 13059 0 0 3230 4616 620 0 0 820 0 0 249 991 3213 216 374 0 0
1574850178 107859 463 13059 0 0 3232 4616 620 0 0 820 0 0 249 991 3213 216 374 0 0
1574909032 107859 482 13059 0 0 3232 4616 620 0 0 820 0 0 249 991 3213 216 374 0 0
1575039592 107878 482 13059 0 0 3232 4616 620 0 0 820 0 0 249 991 3213 216 374 0 0
1575104859 107878 482 13059 0 0 3240 4616 620 0 0 820 0 0 249 991 3213 216 374 0 0
1575104933 107878 482 13059 0 0 3240 4616 620 0 0 820 0 0 249 991 3213 216 374 0 0
1575105051 107883 482 13059 0 0 3240 4616 620 0 0 820 0 0 249 991 3213 216 374 0 0
1575105070 107883 482 13059 0 0 3240 4616 620 0 0 820 0 0 249 991 3213 216 374 0 0
1575175667 107883 482 13059 0 0 3355 4616 620 0 0 820 0 0 249 991 3213 216 374 0 0
1575175708 107883 482 13059 0 0 3355 4616 620 0 0 820 0 0 249 991 3213 216 374 0 0
1575456205 107883 482 13059 0 0 3362 4616 620 0 0 820 0 0 249 991 3213 216 374 0 0
1575510391 107948 482 13059 0 0 3362 4616 620 0 0 820 0 0 249 991 3213 216 374 0 0
1575511417 107948 482 13059 0 0 3362 4616 620 0 0 820 0 0 249 991 3213 216 374 0 0
1575513787 107948 482 13059 0 0 3364 4616 620 0 0 820 0 0 249 991 3213 216 374 0 0
1575536309 107948 482 13059 0 0 3365 4616 620 0 0 820 0 0 249 991 3213 216 374 0 0
1575547924 107948 485 13059 0 0 3365 4616 620 0 0 820 0 0 249 991 3213 216 374 0 0
1575689301 108020 485 13059 0 0 3365 4616 620 0 0 820 0 0 249 991 3213 216 374 0 0
1575689310 108020 485 13059 0 0 3365 4616 620 0 0 820 0 0 249 991 3213 216 374 0 0
1575965029 108028 485 13059 0 0 3365 4616 620 0 0 820 0 0 249 991 3213 216 374 0 0
1575989552 108033 485 13059 0 0 3365 4616 620 0 0 820 0 0 249 991 3213 216 374 0 0
1576120391 108033 485 13059 0 0 3365 4616 620 0 0 820 0 0 249 991 3213 216 374 0 0
1576203006 108033 485 13059 0 0 3365 4616 620 0 0 820 0 0 249 991 3213 216 374 0 0
1576203018 108033 485 13059 0 0 3365 4616 620 0 0 820 0 0 249 991 3213 216 374 0 0
1576204952 108033 485 13059 0 0 3365 4616 620 0 0 820 0 0 249 991 3213 216 374 0 0
1576205068 108033 485 13059 0 0 3395 4616 620 0 0 820 0 0 249 991 3213 216 374 0 0
1576326288 108033 485 13059 0 0 3395 4616 620 0 0 820 0 0 249 991 3213 216 374 0 0
1576501391 108033 485 13059 0 0 3395 4616 620 0 0 820 0 0 249 1007 3213 216 374 0 0
1576501829 108033 485 13059 0 0 3395 4616 620 0 0 820 0 0 249 1007 3213 216 374 0 0
1576574956 108033 485 13059 0 0 3395 4616 620 0 0 820 0 0 249 1017 3213 216 374 0 0
1576637815 108033 485 13059 0 0 3395 4616 620 0 0 820 0 0 249 1017 3213 216 374 0 0
1576665771 108033 485 13059 0 0 3395 4616 620 0 0 820 0 0 249 1017 3213 216 374 0 0
1576768932 108033 485 13059 0 0 3395 4616 629 0 0 820 0 0 249 1017 3213 216 374 0 0
1576807993 108038 485 13059 0 0 3395 4616 629 0 0 820 0 0 249 1017 3213 216 374 0 0
1576897767 108038 485 13059 0 0 3395 4616 638 0 0 820 0 0 249 1017 3213 216 374 0 0
1576983629 108614 485 13059 0 0 3395 4616 638 0 0 820 0 0 249 1017 3213 216 374 0 0
1577154299 108614 485 13059 0 0 3395 4616 638 0 0 820 0 0 249 1017 3213 216 374 0 0
1578279694 108614 485 13059 0 0 3395 4616 638 0 0 820 0 0 249 1036 3213 216 374 0 0
1578294037 108614 485 13059 0 0 3395 4616 638 0 0 820 0 0 249 1650 3213 216 374 0 0
1578315037 108614 485 13059 0 0 3395 4616 638 0 0 820 0 0 249 1650 3213 216 374 0 0
1581146892 108614 1270 13059 0 0 3395 4616 638 0 0 820 0 0 249 1650 3213 216 374 0 0
1582686286 108614 1270 13059 0 0 3395 4616 638 0 0 820 0 0 249 1650 3213 216 374 0 0
1582768838 108614 1270 13059 0 0 3395 4616 638 0 0 820 0 0 249 1650 3213 216 374 0 0
1582778592 108614 1270 13059 21 0 3395 4616 638 0 0 820 0 0 249 1650 3213 216 374 0 0
1582780419 108614 1270 13059 21 0 3395 4616 638 0 0 820 0 0 249 1650 3213 216 374 0 0
1582780566 108614 1270 13059 21 0 3395 4616 638 0 0 820 0 0 249 1650 3213 216 374 0 0
1582790810 108614 1270 13059 21 0 3395 4616 638 0 0 820 0 0 249 1650 3213 216 374 0 0
1582795442 108614 1270 13059 21 0 3395 4616 638 0 0 820 0 0 249 1650 3213 216 374 0 0
1582799222 108614 1270 13059 25 0 3395 4616 638 0 0 820 0 0 249 1650 3213 216 374 0 0
1582869592 108614 1270 13059 25 0 3395 4616 638 0 0 820 0 0 249 1650 3213 216 374 0 0
1583036210 108614 1270 13059 25 0 3395 4616 638 0 0 820 0 0 249 1650 3213 216 374 0 0
1583036510 108614 1270 13059 27 0 3395 4616 638 0 0 820 0 0 249 1650 3213 216 374 0 0
1583052696 108614 1329 13059 27 0 3395 4616 638 0 0 820 0 0 249 1650 3213 216 374 0 0
1583067581 108614 1345 13059 27 0 3395 4616 638 0 0 820 0 0 249 1650 3213 216 374 0 0
1583114467 108614 1345 13059 27 0 3395 4616 638 0 0 820 0 0 249 1650 3213 216 374 0 0
1583114570 108614 1345 13059 27 0 3395 4616 638 0 0 820 0 0 249 1650 3213 216 374 0 0
1583120012 108614 1345 13059 27 0 3395 4616 638 0 0 820 0 0 249 1650 3213 216 374 0 0
1583122179 108614 1345 13059 27 0 3395 4616 638 0 0 820 0 0 249 1650 3213 216 374 0 0
1583136903 108614 1350 13059 27 0 3395 4616 638 0 0 820 0 0 249 1650 3213 216 374 0 0
1583137770 108614 1405 13059 27 0 3395 4616 638 0 0 820 0 0 249 1650 3213 216 374 0 0
1583160501 108614 1405 13059 41 0 3395 4616 638 0 0 820 0 0 249 1650 3213 216 374 0 0
1583222803 108614 1405 13059 57 0 3395 4616 638 0 0 820 0 0 249 1650 3213 216 374 0 0
1583236510 108614 1405 13059 83 0 3395 4616 638 0 0 820 0 0 249 1650 3213 216 374 0 0
1583237046 108614 1405 13059 87 0 3395 4616 638 0 0 820 0 0 249 1650 3213 216 374 0 0
1583237492 108614 1405 13059 90 0 3395 4616 638 0 0 820 0 0 249 1650 3213 216 374 0 0
1583389766 108614 1405 13059 636 0 3395 4616 638 0 0 820 0 0 249 1650 3213 216 374 0 0
1583390153 108614 1405 13059 644 0 3395 4616 638 0 0 820 0 0 249 1650 3213 216 374 0 0
1583391332 108614 1405 13059 665 0 3395 4616 638 0 0 820 0 0 249 1650 3213 216 374 0 0
1583391436 108614 1405 13059 666 0 3395 4616 638 0 0 820 0 0 249 1650 3213 216 374 0 0
1583392939 108614 1405 13059 679 0 3395 4616 638 0 0 820 0 0 249 1650 3213 216 374 0 0
1583393807 108614 1405 13059 681 0 3395 4616 638 0 0 820 0 0 249 1650 3213 216 374 0 0
1583393823 108614 1405 13059 688 0 3395 4616 638 0 0 820 0 0 249 1650 3213 216 374 0 0
1583394093 108614 1405 13059 695 0 3395 4616 638 0 0 820 0 0 249 1650 3213 216 374 0 0
1583395071 108614 1405 13059 700 0 3395 4616 638 0 0 820 0 0 249 1650 3213 216 374 0 0
1583412711 108614 1405 13059 710 0 3395 4616 638 0 0 820 0 0 249 1650 3213 216 374 0 0
1583415183 108614 1405 13059 713 0 3395 4616 638 0 0 820 0 0 249 1650 3213 216 374 0 0
1583415925 108614 1405 13059 715 0 3395 4616 638 0 0 820 0 0 249 1650 3213 216 374 0 0
1583416219 108614 1405 13059 717 0 3395 4616 638 0 0 820 0 0 249 1650 3213 216 374 0 0
1583419086 108614 1405 13059 723 0 3395 4616 638 0 0 820 0 0 249 1650 3213 216 374 0 0
1583419394 108614 1405 13059 727 0 3395 4616 638 0 0 820 0 0 249 1650 3213 216 374 0 0
1583569923 108614 1405 13059 758 0 3395 4616 638 0 0 820 0 0 249 1650 3213 216 374 0 0
1583918046 108614 1405 13059 758 37 3395 4616 638 0 0 820 0 0 249 1650 3213 216 374 0 0
1583934797 108614 1405 13059 758 805 3395 4616 638 0 0 820 0 0 249 1650 3213 216 374 0 0
1583976203 108614 1405 13059 758 831 3395 4616 638 0 0 820 0 0 249 1650 3213 216 374 0 0
1583984917 108614 1405 13059 758 842 3395 4616 638 0 0 820 0 0 249 1650 3213 216 374 0 0
1584005806 108614 1405 13059 758 848 3395 4616 638 0 0 820 0 0 249 1650 3213 216 374 0 0
1584013089 108614 1405 13059 758 856 3395 4616 638 0 0 820 0 0 249 1650 3213 216 374 0 0
1584013390 108614 1405 13059 758 856 3395 4616 638 0 0 820 0 0 249 1650 3213 216 374 0 0
1584092254 108614 1405 13059 758 982 3395 4616 638 0 0 820 0 0 249 1650 3213 216 374 0 0
1584193407 108614 1405 13059 758 1049 3395 4616 638 0 0 820 0 0 249 1650 3213 216 374 0 0
1584280909 108614 1405 13059 758 1054 3395 4616 638 0 0 820 0 0 249 1650 3213 216 374 0 0
1584371804 108614 1405 13059 758 1132 3395 4616 638 0 0 820 0 0 249 1650 3213 216 374 0 0
1584453678 108614 1405 13059 758 1226 3395 4616 638 0 0 820 0 0 249 1650 3213 216 374 0 0
1584524208 108614 1436 13059 758 1226 3395 4616 638 0 0 820 0 0 249 1650 3213 216 374 0 0
1584524475 108614 1436 13059 758 1226 3395 4616 638 0 0 820 0 0 249 1650 3213 216 374 0 0
1584538281 108614 1442 13059 758 1226 3395 4616 638 0 0 820 0 0 249 1650 3213 216 374 0 0
1584541591 108614 1442 13059 1144 1226 3395 4616 638 0 0 820 0 0 249 1650 3213 216 374 0 0
1584541709 108614 1447 13059 1144 1226 3395 4616 638 0 0 820 0 0 249 1650 3213 216 374 0 0
1584588238 108614 1475 13059 1144 1226 3395 4616 638 0 0 820 0 0 249 1650 3213 216 374 0 0
1584619337 108614 1475 13059 1144 1240 3395 4616 638 0 0 820 0 0 249 1650 3213 216 374 0 0
1584620318 108614 1475 13059 1144 1256 3395 4616 638 0 0 820 0 0 249 1650 3213 216 374 0 0
1584632829 108614 1540 13059 1144 1256 3395 4616 638 0 0 820 0 0 249 1650 3213 216 374 0 0
1584632841 108614 1540 13059 1144 1256 3395 4616 638 0 0 820 0 0 249 1650 3213 216 374 0 0
1584679028 108614 1664 13059 1144 1256 3395 4616 638 0 0 820 0 0 249 1650 3213 216 374 0 0
1584684667 108614 1676 13059 1144 1256 3395 4616 638 0 0 820 0 0 249 1650 3213 216 374 0 0
1584701320 108614 1732 13059 1144 1256 3395 4616 638 0 0 820 0 0 249 1650 3213 216 374 0 0
1584711747 108614 1824 13059 1144 1256 3395 4616 638 0 0 820 0 0 249 1650 3213 216 374 0 0
1584714797 108614 1872 13059 1144 1256 3395 4616 638 0 0 820 0 0 249 1650 3213 216 374 0 0
1584715057 108614 1876 13059 1144 1256 3395 4616 638 0 0 820 0 0 249 1650 3213 216 374 0 0
1584770514 108614 1998 13059 1144 1256 3395 4616 638 0 0 820 0 0 249 1650 3213 216 374 0 0
1584773218 108614 2032 13059 1144 1256 3395 4616 638 0 0 820 0 0 249 1650 3213 216 374 0 0
1584773658 108614 2038 13059 1144 1256 3395 4616 638 0 0 820 0 0 249 1650 3213 216 374 0 0
1584802395 108614 2038 13059 1144 1284 3395 4616 638 0 0 820 0 0 249 1650 3213 216 374 0 0
1584894843 108614 2038 13059 1144 1298 3395 4616 638 0 0 820 0 0 249 1650 3213 216 374 0 0
1584966219 108614 2077 13059 1144 1298 3395 4616 638 0 0 820 0 0 249 1650 3213 216 374 0 0
1584966608 108614 2080 13059 1144 1298 3395 4616 638 0 0 820 0 0 249 1650 3213 216 374 0 0
1584973713 108614 2100 13059 1144 1298 3395 4616 638 0 0 820 0 0 249 1650 3213 216 374 0 0
1584975904 108614 2101 13059 1144 1298 3395 4616 638 0 0 820 0 0 249 1650 3213 216 374 0 0
1584978582 108614 2101 13059 1144 1375 3395 4616 638 0 0 820 0 0 249 1650 3213 216 374 0 0
1585022272 108614 2185 13059 1144 1375 3395 4616 638 0 0 820 0 0 249 1650 3213 216 374 0 0
1585022285 108614 2185 13059 1144 1375 3395 4616 638 0 0 820 0 0 249 1650 3213 216 374 0 0
1585035857 108614 2185 13059 1149 1375 3395 4616 638 0 0 820 0 0 249 1650 3213 216 374 0 0
1585035923 108614 2185 13059 1149 1375 3395 4616 638 0 0 820 0 0 249 1650 3213 216 374 0 0
1585120998 108614 2279 13059 1149 1375 3395 4616 638 0 0 820 0 0 249 1650 3213 216 374 0 0
1585121009 108614 2279 13059 1149 1375 3395 4616 638 0 0 820 0 0 249 1650 3213 216 374 0 0
1585134621 108614 2283 13059 1149 1375 3395 4616 638 0 0 820 0 0 249 1650 3213 216 374 0 0
1585136550 108614 2284 13059 1149 1375 3395 4616 638 0 0 820 0 0 249 1650 3213 216 374 0 0
1585209601 108614 2293 13059 1149 1375 3395 4616 638 0 0 820 0 0 249 1650 3213 216 374 0 0
1585232942 108614 2293 13059 1149 1454 3395 4616 638 0 0 820 0 0 249 1650 3213 216 374 0 0
1585237136 108614 2293 13059 1149 1480 3395 4616 638 0 0 820 0 0 249 1650 3213 216 374 0 0
1585298994 108614 2293 13059 1149 1493 3395 4616 638 0 0 820 0 0 249 1650 3213 216 374 0 0
1585314614 108614 2294 13059 1149 1493 3395 4616 638 0 0 820 0 0 249 1650 3213 216 374 0 0
1585314635 108614 2294 13059 1149 1493 3395 4616 638 0 0 820 0 0 249 1650 3213 216 374 0 0
1585323851 108614 2294 13059 1149 1703 3395 4616 638 0 0 820 0 0 249 1650 3213 216 374 0 0
1585323867 108614 2294 13059 1149 1703 3395 4616 638 0 0 820 0 0 249 1650 3213 216 374 0 0
1585364380 108614 2294 13059 1149 1757 3395 4616 638 0 0 820 0 0 249 1650 3213 216 374 0 0
1585379766 108614 2294 13059 1149 1917 3395 4616 638 0 0 820 0 0 249 1650 3213 216 374 0 0
1585387976 108614 2294 13059 1149 1922 3395 4616 638 0 0 820 0 0 249 1650 3213 216 374 0 0
1585463686 108614 16456 13059 1149 1922 3395 4616 638 0 0 820 0 0 249 1650 3213 216 374 0 0
1585463702 108614 16456 13059 1149 1922 3395 4616 638 0 0 820 0 0 249 1650 3213 216 374 0 0
1585466707 108614 16462 13059 1149 1922 3395 4616 638 0 0 820 0 0 249 1650 3213 216 374 0 0
1585483595 108614 16462 13059 1149 1961 3395 4616 638 0 0 820 0 0 249 1650 3213 216 374 0 0
1585483602 108614 16462 13059 1149 1961 3395 4616 638 0 0 820 0 0 249 1650 3213 216 374 0 0
1585484027 108614 16462 13059 1149 1962 3395 4616 638 0 0 820 0 0 249 1650 3213 216 374 0 0
1585493426 108614 16541 13059 1149 1962 3395 4616 638 0 0 820 0 0 249 1650 3213 216 374 0 0
1585493438 108614 16541 13059 1149 1962 3395 4616 638 0 0 820 0 0 249 1650 3213 216 374 0 0
1585546220 108614 16688 13059 1149 1962 3395 4616 638 0 0 820 0 0 249 1650 3213 216 374 0 0
1585551946 108614 16688 13059 1187 1962 3395 4616 638 0 0 820 0 0 249 1650 3213 216 374 0 0
1585552797 108614 16695 13059 1187 1962 3395 4616 638 0 0 820 0 0 249 1650 3213 216 374 0 0
1585556707 108614 16695 13059 1187 1988 3395 4616 638 0 0 820 0 0 249 1650 3213 216 374 0 0
1585556768 108614 16695 13059 1187 1988 3395 4616 638 0 0 820 0 0 249 1650 3213 216 374 0 0
1585556833 108614 16695 13059 1187 1988 3395 4616 638 0 0 820 0 0 249 1650 3213 216 374 0 0
1585557656 108614 16863 13059 1187 1988 3395 4616 638 0 0 820 0 0 249 1650 3213 216 374 0 0
1585557667 108614 16863 13059 1187 1988 3395 4616 638 0 0 820 0 0 249 1650 3213 216 374 0 0
1585572863 108614 16971 13059 1187 1988 3395 4616 638 0 0 820 0 0 249 1650 3213 216 374 0 0
1585573038 108614 16976 13059 1187 1988 3395 4616 638 0 0 820 0 0 249 1650 3213 216 374 0 0
1585576254 108614 16976 13059 1191 1988 3395 4616 638 0 0 820 0 0 249 1650 3213 216 374 0 0
1585579948 108614 16976 13059 1200 1988 3395 4616 638 0 0 820 0 0 249 1650 3213 216 374 0 0
1585620804 108614 16976 13059 1200 1996 3395 4616 638 0 0 820 0 0 249 1650 3213 216 374 0 0
1585667623 108614 16979 13059 1200 1996 3395 4616 638 0 0 820 0 0 249 1650 3213 216 374 0 0
1585667635 108614 16979 13059 1200 1996 3395 4616 638 0 0 820 0 0 249 1650 3213 216 374 0 0
1585708313 108614 17002 13059 1200 1996 3395 4616 638 0 0 820 0 0 249 1650 3213 216 374 0 0
1585755636 108614 17002 13059 1200 2003 3395 4616 638 0 0 820 0 0 249 1650 3213 216 374 0 0
1585755661 108614 17002 13059 1200 2005 3395 4616 638 0 0 820 0 0 249 1650 3213 216 374 0 0
1585794053 108614 17002 13059 1200 2007 3395 4616 638 0 0 820 0 0 249 1650 3213 216 374 0 0
1585832064 108614 17002 13059 1205 2007 3395 4616 638 0 0 820 0 0 249 1650 3213 216 374 0 0
1586270959 108614 17002 13059 1205 2161 3395 4616 638 0 0 820 0 0 249 1650 3213 216 374 0 0
1586270978 108614 17002 13059 1205 2161 3395 4616 638 0 0 820 0 0 249 1650 3213 216 374 0 0
1586400415 108614 17002 13059 1205 2205 3395 4616 638 0 0 820 0 0 249 1650 3213 216 374 0 0
1586490621 108614 17002 13059 1205 2266 3395 4616 638 0 0 820 0 0 249 1650 3213 216 374 0 0
1586525460 108614 17475 13059 1205 2266 3395 4616 638 0 0 820 0 0 249 1650 3213 216 374 0 0
1586525645 108614 17475 13059 1205 2266 3395 4616 638 0 0 820 0 0 249 1650 3213 216 374 0 0
1586610357 108614 17475 13059 1205 2266 3395 4659 638 0 0 820 0 0 249 1650 3213 216 374 0 0
1586613305 108614 17475 13059 1205 2266 3395 4659 638 0 0 820 0 0 249 1650 3213 216 374 0 0
1586666419 108614 17475 13059 1205 2266 3395 4659 638 2 0 820 0 0 249 1650 3213 216 374 0 0
1586692575 108614 17480 13059 1205 2266 3395 4659 638 2 0 820 0 0 249 1650 3213 216 374 0 0
1586692964 108614 17480 13059 1205 2266 3395 4659 638 4 0 820 0 0 249 1650 3213 216 374 0 0
1586693588 108614 17483 13059 1205 2266 3395 4659 638 4 0 820 0 0 249 1650 3213 216 374 0 0
1586700971 108614 17485 13059 1205 2266 3395 4659 638 4 0 820 0 0 249 1650 3213 216 374 0 0
1586764823 108614 17485 13059 1205 2266 3395 4659 638 7 0 820 0 0 249 1650 3213 216 374 0 0
1586770279 108614 17610 13059 1205 2266 3395 4659 638 7 0 820 0 0 249 1650 3213 216 374 0 0
1586772716 108614 17610 13059 1205 2266 3395 4659 638 27 0 820 0 0 249 1650 3213 216 374 0 0
1586776602 108614 17610 13059 1205 2266 3395 4659 638 49 0 820 0 0 249 1650 3213 216 374 0 0
1586790063 108614 17610 13059 1205 2266 3395 4659 638 70 0 820 0 0 249 1650 3213 216 374 0 0
1586872394 108614 17651 13059 1205 2266 3395 4659 638 70 0 820 0 0 249 1650 3213 216 374 0 0
1586915530 108614 17651 13059 1205 2266 3395 4659 638 91 0 820 0 0 249 1650 3213 216 374 0 0
1586925615 108614 17651 13059 1205 2266 3395 4659 638 117 0 820 0 0 249 1650 3213 216 374 0 0
1586938230 108614 17651 13059 1205 2266 3395 4659 638 117 0 820 130 0 249 1650 3213 216 374 0 0
1586964998 108614 17651 13059 1329 2266 3395 4659 638 117 0 820 130 0 249 1650 3213 216 374 0 0
1586966561 108614 17651 13059 1329 2266 3395 4659 638 117 0 820 130 0 249 1650 3213 216 374 10 0
1587005099 108614 17651 13059 1329 2266 3395 4659 638 117 0 820 192 0 249 1650 3213 216 374 10 0
1587005214 108614 17651 13059 1329 2266 3395 4659 638 117 0 820 192 0 249 1650 3213 216 374 10 0
1587027217 108614 17738 13059 1329 2266 3395 4659 638 117 0 820 192 0 249 1650 3213 216 374 10 0
1587029131 108614 17738 13059 1329 2266 3395 4659 638 117 0 820 201 0 249 1650 3213 216 374 10 0
1587029890 108614 17738 13059 1329 2266 3395 4659 638 117 0 820 219 0 249 1650 3213 216 374 10 0
1587036054 108614 17738 13059 1329 2266 3395 4659 638 117 0 820 223 0 249 1650 3213 216 374 10 0
1587036671 108614 17764 13059 1329 2266 3395 4659 638 117 0 820 223 0 249 1650 3213 216 374 10 0
1587037312 108614 17778 13059 1329 2266 3395 4659 638 117 0 820 223 0 249 1650 3213 216 374 10 0
1587038455 108614 17778 13059 1329 2266 3395 4659 638 117 0 820 233 0 249 1650 3213 216 374 10 0
1587042607 108614 17778 13059 1329 2266 3395 4659 638 117 0 820 248 0 249 1650 3213 216 374 10 0
1587048583 108614 17802 13059 1329 2266 3395 4659 638 117 0 820 248 0 249 1650 3213 216 374 10 0
1587092379 108614 17815 13059 1329 2266 3395 4659 638 117 0 820 248 0 249 1650 3213 216 374 10 0
1587093568 108614 17818 13059 1329 2266 3395 4659 638 117 0 820 248 0 249 1650 3213 216 374 10 0
1587176390 108614 17818 13059 1329 2266 3395 4659 638 119 0 820 248 0 249 1650 3213 216 374 10 0
1587196913 108614 17818 13059 1349 2266 3395 4659 638 119 0 820 248 0 249 1650 3213 216 374 10 0
1587309227 108614 17818 13059 1349 2266 3395 4659 638 119 0 820 248 69 249 1650 3213 216 374 10 0
1587309521 108614 17818 13059 1349 2354 3395 4659 638 119 0 820 248 69 249 1650 3213 216 374 10 0
1587309537 108614 17818 13059 1349 2354 3395 4659 638 119 0 820 248 69 249 1650 3213 216 374 10 0
1587357448 108614 17818 13059 1349 2354 3395 4659 638 134 0 820 248 69 249 1650 3213 216 374 10 0
1587357556 108614 17818 13059 1349 2354 3395 4659 638 134 0 820 248 69 249 1650 3213 216 374 10 0
1587367863 108614 17818 13059 1349 2354 3395 4659 638 134 0 820 248 69 249 1650 3213 216 374 10 0
1587369176 108614 17818 13059 1349 2354 3395 4659 638 134 0 820 248 98 249 1650 3213 216 374 10 0
1587395357 108614 17818 13059 1349 2354 3395 4659 638 134 0 820 248 103 249 1650 3213 216 374 10 0
1587453656 108614 17818 13059 1349 2354 3395 4659 638 134 0 820 248 109 249 1650 3213 216 374 10 0
1587463137 108614 17818 13059 1349 2354 3395 4659 638 134 0 820 248 109 249 1650 3213 216 374 16 0
1587472430 108614 17818 13059 1349 2734 3395 4659 638 134 0 820 248 109 249 1650 3213 216 374 16 0
1587472490 108614 17818 13059 1349 2734 3395 4659 638 134 0 820 248 109 249 1650 3213 216 374 16 0
1587484199 108614 17818 13059 1349 2835 3395 4659 638 134 0 820 248 109 249 1650 3213 216 374 16 0
1587547313 108614 17818 13059 1349 2835 3395 4659 638 134 0 820 248 109 249 1650 3213 216 374 380 0
1587549933 108614 17818 13059 1349 2835 3395 4659 638 134 0 820 248 131 249 1650 3213 216 374 380 0
1587551445 108614 17818 13059 1349 2835 3395 4659 638 134 0 820 248 133 249 1650 3213 216 374 380 0
1587607942 108614 17818 13059 1349 2835 3395 4659 638 134 0 820 248 149 249 1650 3213 216 374 380 0
1587633407 108614 17818 13059 1349 2835 3395 4659 638 134 0 820 248 155 249 1650 3213 216 374 380 0
1587647273 108614 17818 13059 1349 2835 3395 4659 638 134 0 820 275 155 249 1650 3213 216 374 380 0
1587716051 108614 17818 13059 1349 2835 3395 4659 638 134 0 820 275 155 249 1650 3213 216 374 409 0
1587802876 108614 17818 13059 1387 2835 3395 4659 638 134 0 820 275 155 249 1650 3213 216 374 409 0
1587806340 108614 17818 13059 1387 2877 3395 4659 638 134 0 820 275 155 249 1650 3213 216 374 409 0
1587806758 108614 17818 13059 1387 2892 3395 4659 638 134 0 820 275 155 249 1650 3213 216 374 409 0
1587827340 108614 17818 13059 1387 2900 3395 4659 638 134 0 820 275 155 249 1650 3213 216 374 409 0
1587828450 108614 17818 13059 1387 2904 3395 4659 638 134 0 820 275 155 249 1650 3213 216 374 409 0
1587829458 108614 17818 13059 1387 2905 3395 4659 638 134 0 820 275 155 249 1650 3213 216 374 409 0
1587893582 108614 18058 13059 1387 2905 3395 4659 638 134 0 820 275 155 249 1650 3213 216 374 409 0
1587899835 108614 18058 13059 1389 2905 3395 4659 638 134 0 820 275 155 249 1650 3213 216 374 409 0
1587899851 108614 18058 13059 1389 2905 3395 4659 638 134 0 820 275 155 249 1650 3213 216 374 409 0
1587913084 108614 18180 13059 1389 2905 3395 4659 638 134 0 820 275 155 249 1650 3213 216 374 409 0
1587966423 108614 18337 13059 1389 2905 3395 4659 638 134 0 820 275 155 249 1650 3213 216 374 409 0
1587993963 108614 18717 13059 1389 2905 3395 4659 638 134 0 820 275 155 249 1650 3213 216 374 409 0
1588043925 108614 18717 13059 1389 2905 3395 4659 638 134 0 820 319 155 249 1650 3213 216 374 409 0
1588047536 108614 18724 13059 1389 2905 3395 4659 638 134 0 820 319 155 249 1650 3213 216 374 409 0
1588048371 108614 18724 13059 1389 2905 3395 4659 638 135 0 820 319 155 249 1650 3213 216 374 409 0
1588055661 108614 18724 13059 1389 2905 3395 4659 638 135 0 820 322 155 249 1650 3213 216 374 409 0
1588076313 108614 18724 13059 1389 2908 3395 4659 638 135 0 820 322 155 249 1650 3213 216 374 409 0
1588076343 108614 18724 13059 1389 2908 3395 4659 638 135 0 820 322 155 249 1650 3213 216 374 409 0
1588079703 108614 18749 13059 1389 2908 3395 4659 638 135 0 820 322 155 249 1650 3213 216 374 409 0
1588079731 108614 18749 13059 1389 2908 3395 4659 638 135 0 820 322 155 249 1650 3213 216 374 409 0
1588223122 108614 18868 13059 1389 2908 3395 4659 638 135 0 820 322 155 249 1650 3213 216 374 409 0
1588233945 108614 18868 13059 1389 2908 3395 4659 638 135 0 820 322 162 249 1650 3213 216 374 409 0
1588251528 108614 18868 13059 1397 2908 3395 4659 638 135 0 820 322 162 249 1650 3213 216 374 409 0
1588257717 108614 18868 13077 1397 2908 3395 4659 638 135 0 820 322 162 249 1650 3213 216 374 409 0
1588257759 108614 18868 13077 1397 2908 3395 4659 638 135 0 820 322 162 249 1650 3213 216 374 409 0
1588258176 108614 19352 13077 1397 2908 3395 4659 638 135 0 820 322 162 249 1650 3213 216 374 409 0
1588258186 108614 19352 13077 1397 2908 3395 4659 638 135 0 820 322 162 249 1650 3213 216 374 409 0
1588299769 108614 19352 13109 1397 2908 3395 4659 638 135 0 820 322 162 249 1650 3213 216 374 409 0
1588299820 108614 19352 13109 1397 2908 3395 4659 638 135 0 820 322 162 249 1650 3213 216 374 409 0
1588300125 108614 19352 13111 1397 2908 3395 4659 638 135 0 820 322 162 249 1650 3213 216 374 409 0
1588305525 108614 19363 13111 1397 2908 3395 4659 638 135 0 820 322 162 249 1650 3213 216 374 409 0
1588310199 108614 19363 13111 1397 2908 3395 4659 638 135 0 820 327 162 249 1650 3213 216 374 409 0
1588324160 108614 19446 13111 1397 2908 3395 4659 638 135 0 820 327 162 249 1650 3213 216 374 409 0
1588325413 108614 19446 13111 1397 2908 3395 4659 638 135 0 820 344 162 249 1650 3213 216 374 409 0
1588326855 108614 19466 13111 1397 2908 3395 4659 638 135 0 820 344 162 249 1650 3213 216 374 409 0
1588594818 108614 19466 13111 1397 2908 3395 4659 638 135 0 820 367 162 249 1650 3213 216 374 409 0
1588599576 108614 19498 13111 1397 2908 3395 4659 638 135 0 820 367 162 249 1650 3213 216 374 409 0
1588650153 108614 19498 13111 1397 2908 3395 4659 638 150 0 820 367 162 249 1650 3213 216 374 409 0
1588674106 108614 19498 13111 1397 2908 3395 4659 638 150 0 820 367 189 249 1650 3213 216 374 409 0
1588692402 108614 19996 13111 1397 2908 3395 4659 638 150 0 820 367 189 249 1650 3213 216 374 409 0
1588694502 108614 19996 13111 1397 2953 3395 4659 638 150 0 820 367 189 249 1650 3213 216 374 409 0
1588694556 108614 19996 13111 1397 2953 3395 4659 638 150 0 820 367 189 249 1650 3213 216 374 409 0
1588694643 108614 19996 13111 1397 2954 3395 4659 638 150 0 820 367 189 249 1650 3213 216 374 409 0
1588743134 108614 20229 13111 1397 2954 3395 4659 638 150 0 820 367 189 249 1650 3213 216 374 409 0
1588743143 108614 20229 13111 1397 2954 3395 4659 638 150 0 820 367 189 249 1650 3213 216 374 409 0
1588755858 108614 20367 13111 1397 2954 3395 4659 638 150 0 820 367 189 249 1650 3213 216 374 409 0
1588762279 108614 20504 13111 1397 2954 3395 4659 638 150 0 820 367 189 249 1650 3213 216 374 409 0
1588772470 108614 20548 13111 1397 2954 3395 4659 638 150 0 820 367 189 249 1650 3213 216 374 409 0
1588778481 108614 21018 13111 1397 2954 3395 4659 638 150 0 820 367 189 249 1650 3213 216 374 409 0
1588825476 108614 21069 13111 1397 2954 3395 4659 638 150 0 820 367 189 249 1650 3213 216 374 409 0
1588825796 108614 21072 13111 1397 2954 3395 4659 638 150 0 820 367 189 249 1650 3213 216 374 409 0
1588826237 108614 21081 13111 1397 2954 3395 4659 638 150 0 820 367 189 249 1650 3213 216 374 409 0
1588832161 108614 21081 13111 1397 2954 3395 4659 638 161 0 820 367 189 249 1650 3213 216 374 409 0
1588859312 108614 21081 13111 1397 2976 3395 4659 638 161 0 820 367 189 249 1650 3213 216 374 409 0
1588861175 108614 21081 13111 1397 2976 3395 4659 638 161 0 820 377 189 249 1650 3213 216 374 409 0
1588861845 108614 21081 13111 1397 2976 3395 4659 638 161 0 820 377 195 249 1650 3213 216 374 409 0
1588908073 108614 21081 13111 1397 2976 3395 4659 638 161 0 820 377 220 249 1650 3213 216 374 409 0
1588924215 108614 21081 13111 1397 2976 3395 4659 638 161 0 820 377 259 249 1650 3213 216 374 409 0
1588946525 108614 21081 13111 1397 3055 3395 4659 638 161 0 820 377 259 249 1650 3213 216 374 409 0
1588946605 108614 21081 13111 1397 3055 3395 4659 638 161 0 820 377 259 249 1650 3213 216 374 409 0
1588949978 108614 21174 13111 1397 3055 3395 4659 638 161 0 820 377 259 249 1650 3213 216 374 409 0
1588950238 108614 21174 13111 1397 3069 3395 4659 638 161 0 820 377 259 249 1650 3213 216 374 409 0
1588954368 108614 21174 13111 1397 3069 3395 4659 638 161 0 820 377 259 249 1650 3213 216 374 409 0
1588989695 108614 21174 13111 1398 3069 3395 4659 638 161 0 820 377 259 249 1650 3213 216 374 409 0
1588991983 108614 21179 13111 1398 3069 3395 4659 638 161 0 820 377 259 249 1650 3213 216 374 409 0
1588992346 108614 21179 13111 1400 3069 3395 4659 638 161 0 820 377 259 249 1650 3213 216 374 409 0
1588992359 108614 21179 13111 1400 3069 3395 4659 638 161 0 820 377 259 249 1650 3213 216 374 409 0
1588992971 108614 21179 13111 1405 3069 3395 4659 638 161 0 820 377 259 249 1650 3213 216 374 409 0
1588993547 108614 21179 13111 1405 3074 3395 4659 638 161 0 820 377 259 249 1650 3213 216 374 409 0
1588995062 108614 21184 13111 1405 3074 3395 4659 638 161 0 820 377 259 249 1650 3213 216 374 409 0
1589031497 108614 21197 13111 1405 3074 3395 4659 638 161 0 820 377 259 249 1650 3213 216 374 409 0
1589034201 108614 21197 13111 1405 3074 3395 4659 638 161 0 820 377 297 249 1650 3213 216 374 409 0
1589079001 108614 21197 13111 1405 3074 3395 4659 638 161 0 820 377 299 249 1650 3213 216 374 409 0
1589080045 108614 21197 13111 1405 3101 3395 4659 638 161 0 820 377 299 249 1650 3213 216 374 409 0
1589080090 108614 21197 13111 1405 3101 3395 4659 638 161 0 820 377 299 249 1650 3213 216 374 409 0
1589097119 108614 21292 13111 1405 3101 3395 4659 638 161 0 820 377 299 249 1650 3213 216 374 409 0
1589187077 108614 21292 13111 1405 3101 3395 4659 638 161 0 820 377 386 249 1650 3213 216 374 409 0
1589292706 108614 21345 13111 1405 3101 3395 4659 638 161 0 820 377 386 249 1650 3213 216 374 409 0
1589434684 108614 21345 13111 1405 3755 3395 4659 638 161 0 820 377 386 249 1650 3213 216 374 409 0
1589435303 108614 21345 13111 1405 3759 3395 4659 638 161 0 820 377 386 249 1650 3213 216 374 409 0
1589609192 108614 21345 13111 1796 3759 3395 4659 638 161 0 820 377 386 249 1650 3213 216 374 409 0
1589613253 108614 21345 13111 1796 4072 3395 4659 638 161 0 820 377 386 249 1650 3213 216 374 409 0
1589775252 108614 21345 13111 1796 4072 3395 6451 638 161 0 820 377 386 249 1650 3213 216 374 409 0
1589967096 108695 21345 13111 1796 4072 3395 6451 638 161 0 820 377 386 249 1650 3213 216 374 409 0
1590062867 108717 21345 13111 1796 4072 3395 6451 638 161 0 820 377 386 249 1650 3213 216 374 409 0
1590066802 108717 21373 13111 1796 4072 3395 6451 638 161 0 820 377 386 249 1650 3213 216 374 409 0
1590068586 108720 21373 13111 1796 4072 3395 6451 638 161 0 820 377 386 249 1650 3213 216 374 409 0
1590076077 108720 21373 13111 1802 4072 3395 6451 638 161 0 820 377 386 249 1650 3213 216 374 409 0
1590076110 108720 21373 13111 1802 4072 3395 6451 638 161 0 820 377 386 249 1650 3213 216 374 409 0
1590077008 108720 21373 13111 1808 4072 3395 6451 638 161 0 820 377 386 249 1650 3213 216 374 409 0
1590085877 108720 21373 13111 1808 4072 3395 7077 638 161 0 820 377 386 249 1650 3213 216 374 409 0
1590110535 108720 21373 13111 1808 4072 3395 7080 638 161 0 820 377 386 249 1650 3213 216 374 409 0
1590119621 108720 21373 13111 1808 4072 3395 7081 638 161 0 820 377 386 249 1650 3213 216 374 409 0
1590162803 108720 21373 13111 1808 4072 3395 7108 638 161 0 820 377 386 249 1650 3213 216 374 409 0
1590163386 108720 21373 13111 1819 4072 3395 7108 638 161 0 820 377 386 249 1650 3213 216 374 409 0
1590163402 108720 21373 13111 1819 4072 3395 7108 638 161 0 820 377 386 249 1650 3213 216 374 409 0
1590219908 108720 21373 13111 1840 4072 3395 7108 638 161 0 820 377 386 249 1650 3213 216 374 409 0
1590238752 108720 21399 13111 1840 4072 3395 7108 638 161 0 820 377 386 249 1650 3213 216 374 409 0
1590239587 108720 21412 13111 1840 4072 3395 7108 638 161 0 820 377 386 249 1650 3213 216 374 409 0
1590304388 108731 21412 13111 1840 4072 3395 7108 638 161 0 820 377 386 249 1650 3213 216 374 409 0
1590304416 108731 21412 13111 1840 4072 3395 7108 638 161 0 820 377 386 249 1650 3213 216 374 409 0
1590315399 108731 21412 13111 1867 4072 3395 7108 638 161 0 820 377 386 249 1650 3213 216 374 409 0
1590332287 108731 21412 13111 1867 4072 3395 7119 638 161 0 820 377 386 249 1650 3213 216 374 409 0
1590335767 108731 21412 13111 1867 4072 3395 7119 638 161 0 820 377 386 249 1650 3213 216 374 418 0
1590343244 108731 21412 13111 1867 4072 3395 7133 638 161 0 820 377 386 249 1650 3213 216 374 418 0
1590343279 108731 21412 13111 1867 4072 3395 7133 638 161 0 820 377 386 249 1650 3213 216 374 418 0
1590376675 108731 21487 13111 1867 4072 3395 7133 638 161 0 820 377 386 249 1650 3213 216 374 418 0
1590378997 108820 21487 13111 1867 4072 3395 7133 638 161 0 820 377 386 249 1650 3213 216 374 418 0
1590379700 108820 21493 13111 1867 4072 3395 7133 638 161 0 820 377 386 249 1650 3213 216 374 418 0
1590380732 108831 21493 13111 1867 4072 3395 7133 638 161 0 820 377 386 249 1650 3213 216 374 418 0
1590480366 108831 21499 13111 1867 4072 3395 7133 638 161 0 820 377 386 249 1650 3213 216 374 418 0
1590501727 108831 21499 13111 1867 4261 3395 7133 638 161 0 820 377 386 249 1650 3213 216 374 418 0
1590502287 108831 21564 13111 1867 4261 3395 7133 638 161 0 820 377 386 249 1650 3213 216 374 418 0
1590502294 108831 21564 13111 1867 4261 3395 7133 638 161 0 820 377 386 249 1650 3213 216 374 418 0
1590503353 108831 21585 13111 1867 4261 3395 7133 638 161 0 820 377 386 249 1650 3213 216 374 418 0
1590507527 108831 21585 13111 1867 4261 3395 7133 638 161 0 820 377 386 249 1650 3213 216 374 431 0
1590571320 108831 21596 13111 1867 4261 3395 7133 638 161 0 820 377 386 249 1650 3213 216 374 431 0
1590571333 108831 21596 13111 1867 4261 3395 7133 638 161 0 820 377 386 249 1650 3213 216 374 431 0
1590630763 108831 21596 13111 1867 4261 3395 7133 638 161 0 820 385 386 249 1650 3213 216 374 431 0
1590676687 108831 21596 13111 1870 4261 3395 7133 638 161 0 820 385 386 249 1650 3213 216 374 431 0
1590742710 108946 21596 13111 1870 4261 3395 7133 638 161 0 820 385 386 249 1650 3213 216 374 431 0
1590743117 108946 21596 13111 1870 4261 3395 7133 638 161 0 820 385 386 249 1650 3213 216 374 431 0
1590820240 108969 21596 13111 1870 4261 3395 7133 638 161 0 820 385 386 249 1650 3213 216 374 431 0
1590849318 108969 21702 13111 1870 4261 3395 7133 638 161 0 820 385 386 249 1650 3213 216 374 431 0
1590849332 108969 21702 13111 1870 4261 3395 7133 638 161 0 820 385 386 249 1650 3213 216 374 431 0
1590890748 108970 21702 13111 1870 4261 3395 7133 638 161 0 820 385 386 249 1650 3213 216 374 431 0
1590890760 108970 21702 13111 1870 4261 3395 7133 638 161 0 820 385 386 249 1650 3213 216 374 431 0
1590892321 108972 21702 13111 1870 4261 3395 7133 638 161 0 820 385 386 249 1650 3213 216 374 431 0
1590894010 108972 21717 13111 1870 4261 3395 7133 638 161 0 820 385 386 249 1650 3213 216 374 431 0
1590904749 108973 21717 13111 1870 4261 3395 7133 638 161 0 820 385 386 249 1650 3213 216 374 431 0
1590904766 108973 21717 13111 1870 4261 3395 7133 638 161 0 820 385 386 249 1650 3213 216 374 431 0
1590912276 108973 21817 13111 1870 4261 3395 7133 638 161 0 820 385 386 249 1650 3213 216 374 431 0
1590912406 108973 21818 13111 1870 4261 3395 7133 638 161 0 820 385 386 249 1650 3213 216 374 431 0
1590914278 108973 21818 13111 1870 4261 3395 7133 638 161 0 820 406 386 249 1650 3213 216 374 431 0
1590937042 108989 21818 13111 1870 4261 3395 7133 638 161 0 820 406 386 249 1650 3213 216 374 431 0
1590937061 108989 21818 13111 1870 4261 3395 7133 638 161 0 820 406 386 249 1650 3213 216 374 431 0
1590978471 108989 21818 13111 1870 4261 3395 7133 638 161 0 820 421 386 249 1650 3213 216 374 431 0
1590993719 108989 21840 13111 1870 4261 3395 7133 638 161 0 820 421 386 249 1650 3213 216 374 431 0
1591003836 108989 21840 13111 1870 4261 3395 7133 638 161 0 820 421 386 249 1650 3213 216 374 431 0
1591019084 108989 24931 13111 1870 4261 3395 7133 638 161 0 820 421 386 249 1650 3213 216 374 431 0
1591020939 108989 24984 13111 1870 4261 3395 7133 638 161 0 820 421 386 249 1650 3213 216 374 431 0
1591021770 108989 24986 13111 1870 4261 3395 7133 638 161 0 820 421 386 249 1650 3213 216 374 431 0
1591023797 108989 24986 13111 1870 4261 3395 7133 638 161 0 820 421 386 249 1650 3213 216 374 431 0
1591074326 108989 24991 13111 1870 4261 3395 7133 638 161 0 820 421 386 249 1650 3213 216 374 431 0
1591085165 108989 25002 13111 1870 4261 3395 7133 638 161 0 820 421 386 249 1650 3213 216 374 431 0
1591085840 108989 25002 13111 1900 4261 3395 7133 638 161 0 820 421 386 249 1650 3213 216 374 431 0
1591089316 108989 25002 13111 1900 4261 3395 7133 638 161 0 820 421 386 249 1650 3213 216 374 431 0
1591089327 108989 25002 13111 1900 4261 3395 7133 638 161 0 820 421 386 249 1650 3213 216 374 431 0
1591091018 108989 25002 13111 1900 4273 3395 7133 638 161 0 820 421 386 249 1650 3213 216 374 431 0
1591091028 108989 25002 13111 1900 4273 3395 7133 638 161 0 820 421 386 249 1650 3213 216 374 431 0
1591102489 108989 25002 13111 1900 4273 3395 7133 638 161 0 820 424 386 249 1650 3213 216 374 431 0
1591148393 108989 25002 13111 1900 4273 3395 7133 638 161 0 820 436 386 249 1650 3213 216 374 431 0
1591192349 108989 25174 13111 1900 4273 3395 7133 638 161 0 820 436 386 249 1650 3213 216 374 431 0
1591269207 108989 25175 13111 1900 4273 3395 7133 638 161 0 820 436 386 249 1650 3213 216 374 431 0
1591277552 108989 25190 13111 1900 4273 3395 7133 638 161 0 820 436 386 249 1650 3213 216 374 431 0
1591279435 108989 25214 13111 1900 4273 3395 7133 638 161 0 820 436 386 249 1650 3213 216 374 431 0
1591327537 108989 25214 13111 1900 4279 3395 7133 638 161 0 820 436 386 249 1650 3213 216 374 431 0
1591343816 108989 25214 13111 1902 4279 3395 7133 638 161 0 820 436 386 249 1650 3213 216 374 431 0
1591349060 108989 25214 13111 1915 4279 3395 7133 638 161 0 820 436 386 249 1650 3213 216 374 431 0
1591351574 108989 25214 13111 1915 4279 3395 7133 638 163 0 820 436 386 249 1650 3213 216 374 431 0
1591622075 108993 25214 13111 1915 4279 3395 7133 638 163 0 820 436 386 249 1650 3213 216 374 431 0
1591622086 108993 25214 13111 1915 4279 3395 7133 638 163 0 820 436 386 249 1650 3213 216 374 431 0
1591663273 108993 25214 13111 1915 4279 3395 7133 638 163 0 820 437 386 249 1650 3213 216 374 431 0
1591666951 108993 25214 13111 1915 4279 3395 7133 638 163 0 820 437 386 249 1650 3213 216 374 431 0
1591666961 108993 25214 13111 1915 4279 3395 7133 638 163 0 820 437 386 249 1650 3213 216 374 431 0
1591668182 108993 25214 13111 1915 4279 3395 7133 638 163 0 820 437 386 249 1650 3213 216 374 431 0
1591709526 108993 25269 13111 1915 4279 3395 7133 638 163 0 820 437 386 249 1650 3213 216 374 431 0
1591793608 108993 25373 13111 1915 4279 3395 7133 638 163 0 820 437 386 249 1650 3213 216 374 431 0
1591886795 108998 25373 13111 1915 4279 3395 7133 638 163 0 820 437 386 249 1650 3213 216 374 431 0
1591939911 108999 25373 13111 1915 4279 3395 7133 638 163 0 820 437 386 249 1650 3213 216 374 431 0
1591943376 108999 25421 13111 1915 4279 3395 7133 638 163 0 820 437 386 249 1650 3213 216 374 431 0
1591949439 108999 25431 13111 1915 4279 3395 7133 638 163 0 820 437 386 249 1650 3213 216 374 431 0
1591952302 109010 25431 13111 1915 4279 3395 7133 638 163 0 820 437 386 249 1650 3213 216 374 431 0
1591963781 109010 25431 13111 1915 4279 3395 7133 638 163 0 820 437 386 249 1650 3213 216 374 431 0
1591965556 109010 25431 13111 1915 4279 3395 7133 638 163 0 820 437 386 249 1650 3213 216 374 436 0
1591970212 109018 25431 13111 1915 4279 3395 7133 638 163 0 820 437 386 249 1650 3213 216 374 436 0
1591970224 109018 25431 13111 1915 4279 3395 7133 638 163 0 820 437 386 249 1650 3213 216 374 436 0
1592057387 109076 25431 13111 1915 4279 3395 7133 638 163 0 820 437 386 249 1650 3213 216 374 436 0
1592120465 109076 25431 13111 1915 4303 3395 7133 638 163 0 820 437 386 249 1650 3213 216 374 436 0
1592124872 109076 25431 13111 1915 4371 3395 7133 638 163 0 820 437 386 249 1650 3213 216 374 436 0
1592125389 109076 25431 13111 1915 4376 3395 7133 638 163 0 820 437 386 249 1650 3213 216 374 436 0
1592131455 109076 25431 13111 1915 4441 3395 7133 638 163 0 820 437 386 249 1650 3213 216 374 436 0
1592132836 109076 25431 13111 1915 4445 3395 7133 638 163 0 820 437 386 249 1650 3213 216 374 436 0
1592208976 109114 25431 13111 1915 4445 3395 7133 638 163 0 820 437 386 249 1650 3213 216 374 436 0
1592209000 109114 25431 13111 1915 4445 3395 7133 638 163 0 820 437 386 249 1650 3213 216 374 436 0
1592209471 109136 25431 13111 1915 4445 3395 7133 638 163 0 820 437 386 249 1650 3213 216 374 436 0
1592217210 109136 25431 13111 1915 4508 3395 7133 638 163 0 820 437 386 249 1650 3213 216 374 436 0
1592223977 109136 25431 13111 1915 4508 3395 7133 638 190 0 820 437 386 249 1650 3213 216 374 436 0
1592223987 109136 25431 13111 1915 4508 3395 7133 638 190 0 820 437 386 249 1650 3213 216 374 436 0
1592224402 109136 25431 13111 1915 4508 3395 7133 638 237 0 820 437 386 249 1650 3213 216 374 436 0
1592229534 109136 25431 13111 1918 4508 3395 7133 638 237 0 820 437 386 249 1650 3213 216 374 436 0
1592233285 109136 25431 13111 1918 4508 3395 7133 638 237 0 820 437 386 249 1650 3213 216 374 574 0
1592233821 109136 25431 13111 1922 4508 3395 7133 638 237 0 820 437 386 249 1650 3213 216 374 574 0
1592234235 109136 25431 13111 1922 4508 3395 7133 638 237 0 820 437 386 249 1650 3213 216 374 575 0
1592238692 109136 25431 13111 1930 4508 3395 7133 638 237 0 820 437 386 249 1650 3213 216 374 575 0
1592238705 109136 25431 13111 1930 4508 3395 7133 638 237 0 820 437 386 249 1650 3213 216 374 575 0
1592276110 109136 25431 13111 1934 4518 3395 7133 638 237 0 820 437 386 249 1650 3213 216 374 575 0
1592286575 109136 25431 13111 1934 4544 3395 7133 638 237 0 820 437 386 249 1650 3213 216 374 575 0
1592289243 109136 25431 13111 1934 4544 3395 7133 638 249 0 820 437 386 249 1650 3213 216 374 575 0
1592289342 109136 25431 13111 1934 4544 3395 7133 638 250 0 820 437 386 249 1650 3213 216 374 575 0
1592290739 109136 25431 13111 1934 4544 3395 7133 638 255 0 820 437 386 249 1650 3213 216 374 575 0
1592294936 109136 25972 13111 1934 4544 3395 7133 638 255 0 820 437 386 249 1650 3213 216 374 575 0
1592294948 109136 25972 13111 1934 4544 3395 7133 638 255 0 820 437 386 249 1650 3213 216 374 575 0
1592306076 109146 25972 13111 1934 4544 3395 7133 638 255 0 820 437 386 249 1650 3213 216 374 575 0
1592306369 109146 25972 13111 1936 4544 3395 7133 638 255 0 820 437 386 249 1650 3213 216 374 575 0
1592315847 109146 25972 13111 1939 4544 3395 7133 638 255 0 820 437 386 249 1650 3213 216 374 575 0
1592318397 109146 25972 13111 1939 4544 3395 7133 638 270 0 820 437 386 249 1650 3213 216 374 575 0
1592318407 109146 25972 13111 1939 4544 3395 7133 638 270 0 820 437 386 249 1650 3213 216 374 575 0
1592363566 109146 25972 13111 1939 4544 3395 7133 638 270 0 820 437 386 249 1650 3213 216 374 606 0
1592365901 109146 25972 13111 1939 4544 3395 7133 638 281 0 820 437 386 249 1650 3213 216 374 606 0
1592365910 109146 25972 13111 1939 4544 3395 7133 638 281 0 820 437 386 249 1650 3213 216 374 606 0
1592381471 109146 25972 13111 1960 4544 3395 7133 638 281 0 820 437 386 249 1650 3213 216 374 606 0
1592381540 109146 25972 13111 1960 4544 3395 7133 638 281 0 820 437 386 249 1650 3213 216 374 606 0
1592382752 109146 25972 13111 1982 4544 3395 7133 638 281 0 820 437 386 249 1650 3213 216 374 606 0
1592384420 109146 25972 13111 2008 4544 3395 7133 638 281 0 820 437 386 249 1650 3213 216 374 606 0
1592405935 109146 25972 13111 2948 4544 3395 7133 638 281 0 820 437 386 249 1650 3213 216 374 606 0
1592408393 109146 25972 13111 2948 4561 3395 7133 638 281 0 820 437 386 249 1650 3213 216 374 606 0
1592465211 109151 25972 13111 2948 4561 3395 7133 638 281 0 820 437 386 249 1650 3213 216 374 606 0
1592489198 109173 25972 13111 2948 4561 3395 7133 638 281 0 820 437 386 249 1650 3213 216 374 606 0
1592489598 109173 25972 13111 2948 4561 3395 7133 638 281 0 820 437 386 249 1650 3213 216 374 616 0
1592489651 109173 25972 13111 2948 4561 3395 7133 638 281 0 820 437 386 249 1650 3213 216 374 616 0
1592489686 109173 25972 13111 2948 4561 3395 7133 638 281 0 820 437 386 249 1650 3213 216 374 630 0
1592490480 109173 25972 13111 2968 4561 3395 7133 638 281 0 820 437 386 249 1650 3213 216 374 630 0
1592490781 109173 25972 13111 2978 4561 3395 7133 638 281 0 820 437 386 249 1650 3213 216 374 630 0
1592534427 109173 25972 13111 2978 4561 3395 7133 638 291 0 820 437 386 249 1650 3213 216 374 630 0
1592576751 109180 25972 13111 2978 4561 3395 7133 638 291 0 820 437 386 249 1650 3213 216 374 630 0
1592576778 109180 25972 13111 2978 4561 3395 7133 638 291 0 820 437 386 249 1650 3213 216 374 630 0
1592875364 109180 25972 13111 2978 4561 3395 7133 638 291 0 820 437 386 249 1650 3213 216 374 630 0
1592875377 109180 25972 13111 2978 4561 3395 7133 638 291 0 820 437 386 249 1650 3213 216 374 630 0
1592880394 109180 25972 13111 2978 4561 3395 7133 638 291 0 820 437 386 249 1650 3213 216 374 630 0
1593004092 109180 25972 13111 2978 4561 3395 7133 638 291 0 820 437 386 249 1650 3213 216 374 630 0
1593098688 109180 25972 13111 2978 4609 3395 7133 638 291 0 820 437 386 249 1650 3213 216 374 630 0
1593148020 109180 25972 13111 2978 4642 3395 7133 638 291 0 820 437 386 249 1650 3213 216 374 630 0
1593155555 109180 25972 13111 2979 4642 3395 7133 638 291 0 820 437 386 249 1650 3213 216 374 630 0
1593160367 109180 25972 13111 2979 4647 3395 7133 638 291 0 820 437 386 249 1650 3213 216 374 630 0
1593161521 109180 25972 13111 2979 4647 3395 7133 638 291 0 820 437 386 249 1650 3213 216 374 630 0
1593162376 109180 25972 13111 2979 4647 3395 7133 638 291 0 820 437 938 249 1650 3213 216 374 630 0
1593162498 109180 25972 13111 2979 4647 3395 7133 638 291 0 820 437 938 249 1650 3213 216 374 630 0
1593176104 109180 25972 13111 2979 4647 3395 7133 638 291 0 820 437 938 249 1650 3213 216 374 636 0
1593433065 109180 25972 13111 2979 4647 3395 7133 638 291 0 820 437 938 249 1650 3213 216 374 1876 0
1593487408 109180 25972 13111 2979 4647 3395 7133 638 291 0 820 437 938 249 1650 3213 216 374 1876 0
1593754679 109180 25972 13111 2979 4647 3395 7133 638 306 0 820 437 938 249 1650 3213 216 374 1876 0
1593754692 109180 25972 13111 2979 4647 3395 7133 638 306 0 820 437 938 249 1650 3213 216 374 1876 0
1593755312 109180 25972 13111 2979 4647 3395 7133 638 318 0 820 437 938 249 1650 3213 216 374 1876 0
1593755419 109180 25972 13111 2979 4647 3395 7133 638 318 0 820 437 938 249 1668 3213 216 374 1876 0
1593757202 109180 25972 13111 2979 4647 3395 7133 638 318 0 820 437 938 249 1695 3213 216 374 1876 0
1593782989 109180 25972 13111 2979 4647 3395 7133 638 318 0 820 437 938 249 1695 3213 216 374 1976 0
1593783004 109180 25972 13111 2979 4647 3395 7133 638 318 0 820 437 938 249 1695 3213 216 374 1976 0
1595220878 109180 25972 13111 2981 4647 3395 7133 638 318 0 820 437 938 249 1695 3213 216 374 1976 0
1595384368 109180 25972 13111 3033 4647 3395 7133 638 318 0 820 437 938 249 1695 3213 216 374 1976 0
1595683857 109180 25972 13111 3098 4647 3395 7133 638 318 0 820 437 938 249 1695 3213 216 374 1976 0
1595938842 109180 25972 13111 3098 4647 3395 7133 638 318 0 820 437 938 249 1695 3213 216 374 1976 0
1595944461 109180 25972 13111 3098 4647 3395 7133 638 318 0 820 437 938 249 1695 3213 216 374 1976 0
1595988398 109180 25972 13111 3098 4647 3395 7133 638 318 0 820 437 938 249 1695 3213 216 374 1976 0
1595990309 109180 25972 13111 3098 4647 3395 7133 638 318 0 820 437 938 249 1830 3213 216 374 1976 0
1595991541 109180 25972 13111 3098 4647 3395 7133 638 318 0 820 437 938 249 1830 3213 216 374 1976 0
1595991550 109180 25972 13111 3098 4647 3395 7133 638 318 0 820 437 938 249 1830 3213 216 374 1976 0
1596010180 109180 25972 13111 3098 4647 3395 7133 638 318 0 820 437 938 249 1830 3213 216 374 1976 0
1596014308 109180 25972 13111 3098 4647 3395 7133 638 318 0 820 437 938 249 1830 3213 216 374 1976 0
1596193970 109180 25972 13111 3607 4647 3395 7133 638 318 0 820 437 938 249 1830 3213 216 374 1976 0
1596262629 109180 25972 13111 3625 4647 3395 7133 638 318 0 820 437 938 249 1830 3213 216 374 1976 0
1596263256 109180 25972 13111 3679 4647 3395 7133 638 318 0 820 437 938 249 1830 3213 216 374 1976 0
1596281096 109180 25972 13111 3679 4647 3395 7133 638 318 0 820 437 1022 249 1830 3213 216 374 1976 0
1596334295 109180 25972 13111 4218 4647 3395 7133 638 318 0 820 437 1022 249 1830 3213 216 374 1976 0
1596336117 109180 25972 13111 4218 4647 3395 7133 638 338 0 820 437 1022 249 1830 3213 216 374 1976 0
1596336124 109180 25972 13111 4218 4647 3395 7133 638 338 0 820 437 1022 249 1830 3213 216 374 1976 0
1596337951 109180 25972 13111 4239 4647 3395 7133 638 338 0 820 437 1022 249 1830 3213 216 374 1976 0
1596337960 109180 25972 13111 4239 4647 3395 7133 638 338 0 820 437 1022 249 1830 3213 216 374 1976 0
1597209251 109180 25972 13111 4240 4647 3395 7133 638 338 0 820 437 1022 249 1830 3213 216 374 1976 0
1597308276 109180 25972 13111 4325 4647 3395 7133 638 338 0 820 437 1022 249 1830 3213 216 374 1976 0
1597845864 109180 25972 13111 4346 4647 3395 7133 638 338 0 820 437 1022 249 1830 3213 216 374 1976 0
1598174616 109180 36442 13111 4346 4647 3395 7133 638 338 0 820 437 1022 249 1830 3213 216 374 1976 0
1598174696 109180 36452 13111 4346 4647 3395 7133 638 338 0 820 437 1022 249 1830 3213 216 374 1976 0
1598179871 109180 45918 13111 4346 4647 3395 7133 638 338 0 820 437 1022 249 1830 3213 216 374 1976 0
1598271392 109180 45918 13111 4346 4647 3395 7133 638 338 0 820 437 1022 249 1830 3213 216 374 1976 0
1598411020 109180 45918 13111 4346 4647 3395 7133 638 338 0 820 437 1022 249 1830 3213 216 374 1976 0
1598412323 109180 45918 13111 4346 4647 3395 7133 638 338 0 820 437 1022 249 1830 3213 216 374 1976 0
1598414300 109180 45918 13111 4407 4647 3395 7133 638 338 0 820 437 1022 249 1830 3213 216 374 1976 0
1598426014 109180 45918 13111 4407 4647 3395 7133 638 338 0 820 437 1022 249 1830 3213 216 374 1976 0
1598611197 109180 45918 13111 4407 4647 3395 7133 638 338 0 820 437 1022 249 1830 3213 216 374 1976 0
1598860993 109180 45918 13111 4407 4647 3395 7133 638 338 0 820 437 1022 249 1830 3213 216 374 1976 0
1599637192 109180 45918 13111 4453 4647 3395 7133 638 338 0 820 437 1022 249 1830 3213 216 374 1976 0
1599639376 109180 45918 13111 4453 4647 3395 7133 638 338 0 820 437 1022 249 1830 3213 216 374 1976 0
1599642208 109180 45918 13111 4473 4647 3395 7133 638 338 0 820 437 1022 249 1830 3213 216 374 1976 0
1600236294 109180 45918 13111 4473 4647 3395 7133 638 338 0 820 437 1022 249 1830 3213 216 374 1976 0
1600414300 109180 45918 13111 4478 4647 3395 7133 638 338 0 820 437 1022 249 1830 3213 216 374 1976 0
1600754585 109180 45918 13111 4508 4647 3395 7133 638 338 0 820 437 1022 249 1830 3213 216 374 1976 0
1600949575 109180 45918 13111 4534 4647 3395 7133 638 338 0 820 437 1022 249 1830 3213 216 374 1976 0
1604471214 109180 45918 13111 4534 4647 3395 7133 638 338 0 820 437 1022 249 1830 3213 216 374 1976 0
1605062044 109180 45918 13111 4534 4647 3395 7133 638 338 0 820 437 1022 249 1830 3213 216 374 1976 0
1605755236 109180 45918 13111 4534 4647 3395 7133 638 338 8 820 437 1022 249 1830 3213 216 374 1976 0
1605793481 109180 45918 13111 4534 4647 3395 7133 638 338 32 820 437 1022 249 1830 3213 216 374 1976 0
1607400514 109180 45918 13111 4534 4647 3395 7133 638 338 2854 820 437 1022 249 1830 3213 216 374 1976 0
1607420418 109180 45918 13111 4534 4647 3395 7133 638 338 3744 820 437 1022 249 1830 3213 216 374 1976 0
1607519571 109180 45918 13111 4534 4647 3395 7133 638 338 3744 820 437 1022 249 1830 3213 216 374 1976 36
1607524345 109180 45918 13111 4569 4647 3395 7133 638 338 3744 820 437 1022 249 1830 3213 216 374 1976 36
1607603019 109180 45918 13111 4569 4647 3395 7133 638 338 3744 820 437 1022 249 1830 3213 216 374 1976 275
1607603237 109180 45918 13111 4569 4647 3395 7133 638 338 3744 820 437 1022 249 1830 3213 216 374 1976 275
1607604399 109180 45918 13111 4613 4647 3395 7133 638 338 3744 820 437 1022 249 1830 3213 216 374 1976 275
1607608188 109180 45918 13111 4613 4647 3395 7133 638 338 3744 820 437 1022 249 1830 3213 216 374 1976 331
1607608265 109180 45918 13111 4613 4647 3395 7133 638 338 3744 820 437 1022 249 1830 3213 216 374 1976 331
1607609218 109180 45918 13111 4613 4647 3395 7133 638 338 3744 820 437 1022 249 1830 3213 216 374 1976 331
1607610318 109180 45918 13111 4615 4647 3395 7133 638 338 3744 820 437 1022 249 1830 3213 216 374 1976 331
1607610593 109180 45918 13111 4664 4647 3395 7133 638 338 3744 820 437 1022 249 1830 3213 216 374 1976 331
1607660024 109180 45918 13111 4855 4647 3395 7133 638 338 3744 820 437 1022 249 1830 3213 216 374 1976 331
1607664110 109180 45918 13111 4879 4647 3395 7133 638 338 3744 820 437 1022 249 1830 3213 216 374 1976 331
1607668706 109180 45918 13111 4891 4647 3395 7133 638 338 3744 820 437 1022 249 1830 3213 216 374 1976 331
1607670206 109180 45918 13111 4914 4647 3395 7133 638 338 3744 820 437 1022 249 1830 3213 216 374 1976 331
1607672327 109180 45918 13111 4914 4647 3395 7133 638 338 3744 820 437 1022 249 1830 3213 216 374 1976 352
1607675596 109180 45918 13111 4914 4647 3395 7133 638 338 3799 820 437 1022 249 1830 3213 216 374 1976 352
1607675710 109180 45918 13111 4914 4647 3395 7133 638 338 3799 820 437 1022 249 1830 3213 216 374 1976 352
1607677083 109180 45918 13111 4914 4647 3395 7133 638 338 3804 820 437 1022 249 1830 3213 216 374 1976 352
1607770477 109180 45918 13111 4914 4647 3395 7133 638 338 3804 820 437 1022 249 1830 3213 216 374 1976 368
1607921882 109180 45918 13111 5105 4647 3395 7133 638 338 3804 820 437 1022 249 1830 3213 216 374 1976 368
1607926880 109180 45918 13111 5105 4647 3395 7133 638 338 3868 820 437 1022 249 1830 3213 216 374 1976 368
1607927264 109180 45918 13111 5105 4647 3395 7133 638 338 3868 820 437 1022 249 1830 3213 216 374 1976 368
1607927465 109180 45918 13111 5105 4647 3395 7133 638 338 3869 820 437 1022 249 1830 3213 216 374 1976 368
1607934852 109180 45918 13111 5109 4647 3395 7133 638 338 3869 820 437 1022 249 1830 3213 216 374 1976 368
1607945220 109180 45918 13111 5120 4647 3395 7133 638 338 3869 820 437 1022 249 1830 3213 216 374 1976 368
1607950485 109180 45918 13111 5124 4647 3395 7133 638 338 3869 820 437 1022 249 1830 3213 216 374 1976 368
1608020874 109180 45918 13111 5165 4647 3395 7133 638 338 3869 820 437 1022 249 1830 3213 216 374 1976 368
1608111336 109180 45918 13111 5165 4647 3395 7133 638 338 3869 820 437 1022 249 1830 3213 216 374 1976 373
1608364655 109180 45918 13111 5299 4647 3395 7133 638 338 3869 820 437 1022 249 1830 3213 216 374 1976 373
1608365440 109180 45918 13111 5301 4647 3395 7133 638 338 3869 820 437 1022 249 1830 3213 216 374 1976 373
1608365964 109180 45918 13111 5302 4647 3395 7133 638 338 3869 820 437 1022 249 1830 3213 216 374 1976 373
1608518299 109180 45918 13111 5302 4647 3395 7133 638 338 7943 820 437 1022 249 1830 3213 216 374 1976 373
1608547308 109180 45918 13111 5302 4647 3395 7133 638 338 8791 820 437 1022 249 1830 3213 216 374 1976 373
1608804433 109180 45918 13111 5375 4647 3395 7133 638 338 8791 820 437 1022 249 1830 3213 216 374 1976 373
1608822059 109180 45918 13111 5375 4647 3395 7133 638 338 50023 820 437 1022 249 1830 3213 216 374 1976 373
1608822074 109180 45918 13111 5375 4647 3395 7133 638 338 50023 820 437 1022 249 1830 3213 216 374 1976 373
1608947496 109180 45918 13111 5375 4647 3395 7133 638 338 125521 820 437 1022 249 1830 3213 216 374 1976 373
1608979054 109180 45918 13111 5375 4647 3395 7133 638 338 125652 820 437 1022 249 1830 3213 216 374 1976 373
1609035361 109180 45918 13111 5375 4647 3395 7133 638 338 125697 820 437 1022 249 1830 3213 216 374 1976 373
1609145861 109180 45918 13111 5375 4647 3395 7133 638 338 125697 820 437 1022 249 2025 3213 216 374 1976 373
1609145872 109180 45918 13111 5375 4647 3395 7133 638 338 125697 820 437 1022 249 2025 3213 216 374 1976 373
1609217083 109180 45918 13111 5518 4647 3395 7133 638 338 125697 820 437 1022 249 2025 3213 216 374 1976 373
1609665641 109180 45918 13111 5524 4647 3395 7133 638 338 125697 820 437 1022 249 2025 3213 216 374 1976 373
1609665865 109180 45918 13111 5566 4647 3395 7133 638 338 125697 820 437 1022 249 2025 3213 216 374 1976 373
1609812266 109180 45918 13111 5566 4647 3395 7133 638 338 125710 820 437 1022 249 2025 3213 216 374 1976 373
1609829362 109180 45918 13111 5566 4647 3395 7133 638 338 125710 820 437 1022 249 2025 3213 216 374 1976 540
1609834135 109180 45918 13111 5566 4647 3395 7133 638 338 125710 820 437 1022 249 2025 3213 216 374 1976 540
1609853672 109180 45918 13111 5573 4647 3395 7133 638 338 125710 820 437 1022 249 2025 3213 216 374 1976 540
1609853833 109180 45918 13111 5750 4647 3395 7133 638 338 125710 820 437 1022 249 2025 3213 216 374 1976 540
1609916265 109180 45918 13111 5750 4647 3395 7133 638 338 125718 820 437 1022 249 2025 3213 216 374 1976 540
1609916422 109180 45918 13111 5750 4647 3395 7133 638 338 125718 820 437 1022 249 2025 3213 216 374 1976 540
1610185927 109180 45918 13111 5753 4647 3395 7133 638 338 125718 820 437 1022 249 2025 3213 216 374 1976 540
1610370165 109180 45918 13111 5826 4647 3395 7133 638 338 125718 820 437 1022 249 2025 3213 216 374 1976 540
1610420320 109180 45918 13111 5826 4647 3395 7133 638 338 125743 820 437 1022 249 2025 3213 216 374 1976 540
1610420751 109180 45918 13111 5826 4647 3395 7133 638 338 125745 820 437 1022 249 2025 3213 216 374 1976 540
1610421543 109180 45918 13111 5826 4647 3395 7133 638 338 125745 820 437 1022 249 2025 3213 216 374 1976 552
1610421629 109180 45918 13111 5826 4647 3395 7133 638 338 125745 820 437 1022 249 2025 3213 216 374 1976 552
1610422486 109180 45918 13111 5830 4647 3395 7133 638 338 125745 820 437 1022 249 2025 3213 216 374 1976 552
1610424149 109180 45918 13111 5830 4647 3395 7133 638 338 125745 820 437 1022 249 2025 3213 216 374 1976 557
1610424177 109180 45918 13111 5830 4647 3395 7133 638 338 125745 820 437 1022 249 2025 3213 216 374 1976 557
1610545960 109180 46365 13111 5830 4647 3395 7133 638 338 125745 820 437 1022 249 2025 3213 216 374 1976 557
1610599374 109180 46365 13111 5830 4647 3395 7133 638 338 125745 820 437 1022 249 2026 3213 216 374 1976 557
1610687673 109180 46365 13111 5830 4647 3395 7133 638 338 125825 820 437 1022 249 2026 3213 216 374 1976 557
1610687685 109180 46365 13111 5830 4647 3395 7133 638 338 125825 820 437 1022 249 2026 3213 216 374 1976 557
1610763121 109180 46365 13111 5881 4647 3395 7133 638 338 125825 820 437 1022 249 2026 3213 216 374 1976 557
1610764181 109180 46365 13111 5921 4647 3395 7133 638 338 125825 820 437 1022 249 2026 3213 216 374 1976 557
1610764904 109180 46365 13111 5925 4647 3395 7133 638 338 125825 820 437 1022 249 2026 3213 216 374 1976 557
1611068189 109180 46365 13111 5925 4647 3395 7133 638 338 125910 820 437 1022 249 2026 3213 216 374 1976 557
1611111046 109180 46365 13111 5925 4647 3395 7133 638 338 126003 820 437 1022 249 2026 3213 216 374 1976 557
1611113471 109180 46365 13111 5925 4647 3395 7133 638 338 126040 820 437 1022 249 2026 3213 216 374 1976 557
1611118413 109180 46365 13111 5933 4647 3395 7133 638 338 126040 820 437 1022 249 2026 3213 216 374 1976 557
1611125142 109180 46365 13111 5933 4647 3395 7133 638 338 126042 820 437 1022 249 2026 3213 216 374 1976 557
1611125661 109180 46365 13111 5938 4647 3395 7133 638 338 126042 820 437 1022 249 2026 3213 216 374 1976 557
